"X1" "date" "X0" "X23708" "X80913" "X78236" "X92134" "X23665" "X92055" "X29207" "X99506" "X78234" "X32542" "X42223" "X79920" "X23511" "X76544" "X22134" "X89191" "X28547" "X98431" "X94535" "X28310" "X32214" "X30905" "X20762" "X60088" "X85309" "X40121" "X22060" "X39534" "X23801" "X29905" "X66442" "X23604" "X32228" "X92278" "X20889" "X83648" "X96859" "X9180" "X31314" "X65473" "X36112" "X29152" "X87117" "X96319" "X96350" "X99011" "X57706" "X78843" "X31905" "X84056" "X71459" "X76311" "X96362" "X92140" "X36608" "X33621" "X20307" "X98278" "X80914" "X28545" "X92136" "X99703" "X29902" "X68113" "X98433" "X32509" "X73145" "X79607" "X85613" "X45433" "X73503" "X92145" "X9042" "X28542" "X88103" "X98312" "X67221" "X58705" "X9630" "X13602" "X65305" "X80840" "X32925" "X85707" "X29404" "X19902" "X28533" "X92106" "X93246" "X96857" "X96863" "X96278" "X62225" "X27531" "X96853" "X23460" "X32212" "X32512" "X79918" "X9464"
"1" 1 "2008-12-29" 40 0 0 0 0 0 0 0 0 0 0 0 0 0 0 0 0 0 0 0 0 0 0 0 0 0 0 0 0 0 0 0 0 0 0 0 0 0 0 0 0 0 0 0 0 0 0 0 0 0 0 0 0 0 0 0 0 0 0 0 0 0 0 0 0 0 0 0 0 0 0 0 0 0 0 0 0 0 0 0 0 0 0 0 0 0 0 0 0 0 0 0 0 0 0 0 0 0 0 0 0
"2" 2 "2009-01-05" 91 0 0 0 0 0 0 0 0 0 0 0 0 0 0 0 0 0 0 0 0 0 0 0 0 0 0 0 0 0 0 0 0 0 0 0 0 0 0 0 0 0 0 0 0 0 0 0 0 0 0 0 0 0 0 0 0 0 0 0 0 0 0 0 0 0 0 0 0 0 0 0 0 0 0 0 0 0 0 0 0 0 0 0 0 0 0 0 0 0 0 0 0 0 0 0 0 0 0 0 0
"3" 3 "2009-01-12" 86 0 0 0 0 0 0 0 0 0 0 0 0 0 0 0 0 0 0 0 0 0 0 0 0 0 0 0 0 0 0 0 0 0 0 0 0 0 0 0 0 0 0 0 0 0 0 0 0 0 0 0 0 0 0 0 0 0 0 0 0 0 0 0 0 0 0 0 0 0 0 0 0 0 0 0 0 0 0 0 0 0 0 0 0 0 0 0 0 0 0 0 0 0 0 0 0 0 0 0 0
"4" 4 "2009-01-19" 114 0 0 0 0 0 0 0 0 0 0 0 0 0 0 0 0 0 0 0 0 0 0 0 0 0 0 0 0 0 0 0 0 0 0 0 0 0 0 0 0 0 0 0 0 0 0 0 0 0 0 0 0 0 0 0 0 0 0 0 0 0 0 0 0 0 0 0 0 0 0 0 0 0 0 0 0 0 0 0 0 0 0 0 0 0 0 0 0 0 0 0 0 0 0 0 0 0 0 0 0
"5" 5 "2009-01-26" 112 0 0 0 0 0 0 0 0 0 0 0 0 0 0 0 0 0 0 0 0 0 0 0 0 0 0 0 0 0 0 0 0 0 0 0 0 0 0 0 0 0 0 0 0 0 0 0 0 0 0 0 0 0 0 0 0 0 0 0 0 0 0 0 0 0 0 0 0 0 0 0 0 0 0 0 0 0 0 0 0 0 0 0 0 0 0 0 0 0 0 0 0 0 0 0 0 0 0 0 0
"6" 6 "2009-02-02" 139 0 0 0 0 0 0 0 0 0 0 0 0 0 0 0 0 0 0 0 0 0 0 0 0 0 0 0 0 0 0 0 0 0 0 0 0 0 0 0 0 0 0 0 0 0 0 0 0 0 0 0 0 0 0 0 0 0 0 0 0 0 0 0 0 0 0 0 0 0 0 0 0 0 0 0 0 0 0 0 0 0 0 0 0 0 0 0 0 0 0 0 0 0 0 0 0 0 0 0 0
"7" 7 "2009-02-09" 107 0 0 0 0 0 0 0 0 0 0 0 0 0 0 0 0 0 0 0 0 0 0 0 0 0 0 0 0 0 0 0 0 0 0 0 0 0 0 0 0 0 0 0 0 0 0 0 0 0 0 0 0 0 0 0 0 0 0 0 0 0 0 0 0 0 0 0 0 0 0 0 0 0 0 0 0 0 0 0 0 0 0 0 0 0 0 0 0 0 0 0 0 0 0 0 0 0 0 0 0
"8" 8 "2009-02-16" 149 0 0 0 0 0 0 0 0 0 0 0 0 0 0 0 0 0 0 0 0 0 0 0 0 0 0 0 0 0 0 0 0 0 0 0 0 0 0 0 0 0 0 0 0 0 0 0 0 0 0 0 0 0 0 0 0 0 0 0 0 0 0 0 0 0 0 0 0 0 0 0 0 0 0 0 0 0 0 0 0 0 0 0 0 0 0 0 0 0 0 0 0 0 0 0 0 0 0 0 0
"9" 9 "2009-02-23" 184 0 0 0 0 0 0 0 0 0 0 0 0 0 0 0 0 0 0 0 0 0 0 0 0 0 0 0 0 0 0 0 0 0 0 0 0 0 0 0 0 0 0 0 0 0 0 0 0 0 0 0 0 0 0 0 0 0 0 0 0 0 0 0 0 0 0 0 0 0 0 0 0 0 0 0 0 0 0 0 0 0 0 0 0 0 0 0 0 0 0 0 0 0 0 0 0 0 0 0 0
"10" 10 "2009-03-02" 155 0 0 0 0 0 0 0 0 0 0 0 0 0 0 0 0 0 0 0 0 0 0 0 0 0 0 0 0 0 0 0 0 0 0 0 0 0 0 0 0 0 0 0 0 0 0 0 0 0 0 0 0 0 0 0 0 0 0 0 0 0 0 0 0 0 0 0 0 0 0 0 0 0 0 0 0 0 0 0 0 0 0 0 0 0 0 0 0 0 0 0 0 0 0 0 0 0 0 0 0
"11" 11 "2009-03-09" 125 0 0 0 0 3 0 0 0 0 0 2 0 0 1 0 1 0 3 0 1 0 1 0 0 0 1 0 0 0 0 0 0 0 0 1 0 0 0 0 0 0 2 0 0 0 1 0 0 1 0 0 0 0 0 1 0 0 0 0 0 0 0 0 0 0 0 0 0 1 0 0 0 1 0 0 0 0 0 0 0 0 1 0 0 0 0 0 1 0 0 0 1 0 0 0 0 0 0 0 0
"12" 12 "2009-03-16" 94 3 2 0 3 6 3 2 0 1 0 7 2 0 2 0 2 2 6 0 5 1 0 1 0 0 1 1 1 1 0 3 0 1 0 0 0 0 0 1 0 0 0 0 0 0 2 2 0 0 0 0 0 1 0 0 1 0 0 0 0 0 0 0 0 0 1 2 0 0 0 0 0 2 0 0 0 0 2 0 1 0 0 0 0 0 0 0 1 0 0 0 0 0 0 0 0 0 0 0 0
"13" 13 "2009-03-23" 84 1 2 1 1 3 3 8 0 0 0 4 1 0 1 0 1 1 0 1 2 1 2 2 0 0 4 1 1 0 0 2 2 0 0 0 0 1 0 1 0 1 4 0 1 0 3 1 0 1 0 0 0 0 0 0 0 0 2 0 0 0 0 0 3 1 0 0 0 0 0 0 0 0 0 0 1 0 0 0 1 0 0 0 0 0 1 0 3 0 0 0 0 0 0 0 0 0 3 0 0
"14" 14 "2009-03-30" 57 3 0 2 1 0 1 7 1 0 0 1 0 0 1 0 0 1 1 2 0 0 0 0 0 0 2 0 0 0 0 0 0 0 0 0 0 0 0 0 2 0 0 0 0 0 4 2 3 0 0 0 0 0 0 0 0 0 0 0 0 0 0 1 2 1 0 1 0 0 0 0 0 1 0 0 0 0 2 0 0 0 1 0 0 0 0 0 0 0 0 0 0 0 1 0 1 2 0 0 0
"15" 15 "2009-04-06" 55 1 2 4 1 3 1 7 0 0 1 0 1 0 0 0 0 3 2 1 0 3 0 0 0 0 1 2 1 0 2 0 0 3 0 0 0 1 0 0 0 0 0 0 0 0 3 1 0 0 0 0 0 1 0 1 1 1 0 0 0 0 0 0 0 0 0 0 0 0 0 0 0 0 0 0 0 0 2 0 0 0 0 0 0 0 1 0 0 0 0 0 0 0 0 0 0 0 0 0 0
"16" 16 "2009-04-13" 54 1 2 1 3 1 1 8 0 0 0 1 2 1 0 0 1 1 0 1 0 2 1 0 0 0 0 0 0 0 0 1 0 0 0 0 0 2 0 2 1 0 0 0 0 0 4 1 1 0 0 0 0 0 0 0 0 0 0 0 0 0 0 0 0 1 0 0 0 2 0 0 0 0 0 0 0 1 1 0 0 0 0 0 0 2 0 0 0 0 0 0 3 0 0 0 0 0 0 0 0
"17" 17 "2009-04-20" 45 0 3 1 1 2 1 4 0 1 0 0 1 0 1 0 0 0 0 3 0 1 0 0 0 0 0 0 0 2 0 2 0 0 0 0 0 0 0 0 0 0 0 0 0 0 2 0 0 0 0 0 0 0 0 0 0 0 0 0 0 0 0 0 0 1 0 0 0 0 0 0 0 0 0 0 0 0 1 0 0 0 0 0 0 0 1 0 0 0 0 0 0 0 0 0 1 0 0 0 1
"18" 18 "2009-04-27" 126 0 5 1 7 3 8 0 0 10 1 3 4 0 3 0 2 1 3 2 2 0 2 1 1 0 0 0 0 1 0 1 0 0 2 1 0 1 0 1 0 0 0 0 1 0 4 2 0 1 0 3 0 1 0 0 0 2 0 0 1 1 0 0 0 3 0 0 0 0 1 1 1 0 0 0 0 0 2 0 0 0 0 0 0 0 2 2 1 3 1 0 3 0 0 0 1 0 1 0 0
"19" 19 "2009-05-04" 87 0 3 0 3 2 6 2 1 1 2 0 1 0 0 0 1 2 1 1 3 0 1 0 6 1 1 0 4 0 0 2 0 1 1 0 0 4 0 1 1 1 0 0 1 1 3 0 0 1 0 0 1 0 1 1 0 0 1 0 0 1 0 0 1 1 1 0 1 0 0 0 1 0 0 0 0 0 0 0 0 0 0 0 0 0 0 1 0 1 2 1 1 0 0 1 0 0 0 1 0
"20" 20 "2009-05-11" 86 0 2 1 3 1 2 0 1 0 0 1 2 0 0 0 0 0 2 3 2 0 0 1 12 0 0 0 1 0 0 7 0 0 1 0 0 1 0 2 1 0 0 0 1 0 0 0 0 0 1 0 0 1 0 1 0 2 2 1 0 0 0 0 0 1 1 0 0 0 0 0 0 1 0 0 1 0 0 0 1 0 0 0 0 0 1 0 0 1 1 0 0 0 0 1 0 0 1 0 0
"21" 21 "2009-05-18" 54 0 0 0 3 0 1 0 2 4 1 1 2 1 0 0 0 0 2 0 1 2 2 1 5 0 0 0 0 0 0 7 0 0 0 0 1 1 0 0 0 0 0 0 0 0 0 1 1 0 1 1 0 0 0 0 0 1 0 0 0 1 0 0 0 1 1 0 0 0 0 0 0 0 0 0 0 0 0 0 0 0 0 0 1 0 0 0 1 0 0 0 0 0 0 0 0 0 2 1 0
"22" 22 "2009-05-25" 76 2 0 1 3 2 0 0 0 0 0 1 0 0 1 3 0 5 5 0 0 1 1 4 1 0 0 3 2 0 0 2 0 0 0 1 0 5 0 1 0 0 0 0 0 0 0 0 1 0 0 1 0 0 0 0 0 1 0 0 0 0 0 0 0 1 0 1 0 1 0 0 0 0 0 0 0 0 0 0 0 0 0 0 2 0 1 0 0 0 0 0 0 1 1 0 0 0 0 0 0
"23" 23 "2009-06-01" 81 2 0 3 1 3 2 0 0 0 0 1 0 0 3 2 2 1 10 3 1 1 0 0 3 0 0 0 1 0 0 2 0 0 1 1 0 2 1 2 0 0 0 0 0 0 0 0 0 0 0 0 0 0 0 0 0 1 0 0 0 0 0 1 0 1 0 0 0 0 0 0 0 0 0 0 1 0 1 0 0 0 0 0 0 0 2 0 0 0 0 0 0 0 0 0 0 0 0 0 0
"24" 24 "2009-06-08" 103 4 2 1 3 5 3 0 0 0 0 1 7 0 0 13 1 0 12 4 3 1 3 1 1 0 0 1 0 0 0 0 0 0 0 4 0 2 0 0 0 0 0 0 1 0 1 1 0 0 1 0 0 0 0 0 0 1 0 0 0 0 0 0 0 0 2 1 0 0 0 0 0 1 0 0 2 0 1 0 1 0 0 0 0 0 0 0 0 0 0 0 0 0 0 3 3 0 1 0 0
"25" 25 "2009-06-15" 156 6 3 0 12 4 9 5 0 6 1 0 5 0 1 3 0 5 3 3 1 1 1 1 1 0 0 4 0 2 2 3 2 1 7 0 0 1 1 1 0 0 0 0 0 0 3 0 3 0 0 0 0 1 0 0 1 1 0 0 0 1 0 5 1 1 2 0 0 0 1 0 0 0 0 0 1 0 0 0 2 0 0 0 1 0 0 0 0 0 0 0 0 0 0 1 0 0 6 1 1
"26" 26 "2009-06-22" 192 5 5 6 10 3 10 12 3 17 0 0 4 1 2 6 0 3 4 8 2 1 4 1 2 0 0 0 0 3 4 0 3 1 3 1 0 4 0 0 1 0 1 0 0 0 0 0 3 1 1 0 0 0 0 0 0 0 0 0 1 3 0 4 0 0 0 0 0 0 0 0 0 0 0 0 0 0 1 0 0 2 0 0 0 0 1 1 0 0 2 3 0 0 0 0 1 0 1 2 3
"27" 27 "2009-06-29" 205 3 2 6 14 3 15 30 2 17 1 0 1 0 7 1 0 7 2 9 3 1 4 0 1 0 0 3 0 0 2 2 0 0 2 2 0 17 0 0 1 0 0 0 0 0 0 0 1 0 0 0 0 2 0 0 0 2 1 0 0 0 0 1 0 0 0 0 0 1 0 0 0 0 2 0 2 0 1 0 0 1 0 0 0 0 0 0 0 0 1 0 1 0 0 6 0 0 1 0 0
"28" 28 "2009-07-06" 230 1 0 5 12 4 11 13 2 9 4 1 2 1 2 19 1 2 7 6 4 0 3 1 1 0 0 4 0 0 0 2 0 4 1 2 0 7 0 0 0 0 0 0 0 0 0 0 4 0 0 0 2 0 5 0 1 4 2 0 1 1 0 1 0 2 1 0 0 0 0 0 1 0 0 0 5 0 0 0 0 1 0 1 3 0 0 1 0 3 5 12 1 0 2 6 0 0 2 0 0
"29" 29 "2009-07-13" 291 0 2 6 18 2 2 4 2 13 1 0 3 3 3 95 1 3 2 2 1 2 5 1 1 2 0 2 1 0 3 1 0 1 2 3 0 8 0 4 1 0 0 0 0 0 0 0 0 0 0 5 0 2 12 0 2 1 1 0 2 4 0 4 0 2 0 0 0 0 0 0 1 0 1 0 2 0 0 0 0 0 0 2 0 0 0 1 0 3 6 5 0 0 0 4 0 0 1 0 1
"30" 30 "2009-07-20" 241 1 0 4 15 1 6 3 3 17 1 1 0 0 8 9 2 2 1 7 0 7 8 2 0 0 4 1 1 0 1 1 0 0 0 0 0 9 16 0 0 2 1 1 0 0 0 0 6 0 0 11 0 2 5 0 2 1 0 0 3 7 0 5 0 1 0 0 0 0 0 1 0 0 1 0 1 2 0 1 0 0 1 1 2 0 0 0 0 2 7 5 0 2 0 2 0 0 0 1 1
"31" 31 "2009-07-27" 232 7 5 4 6 1 1 0 1 12 4 0 5 1 1 0 0 3 1 4 0 2 0 4 2 0 1 1 3 3 5 0 0 7 5 0 0 5 5 2 1 1 0 0 0 0 1 1 5 0 0 4 1 6 3 0 3 0 3 0 4 4 0 6 0 0 0 0 0 1 1 2 0 1 1 0 1 1 0 0 0 2 3 13 0 0 0 8 0 3 1 3 0 1 0 0 0 0 0 0 0
"32" 32 "2009-08-03" 194 3 1 3 10 2 3 3 3 15 7 2 2 0 4 0 0 3 0 2 1 4 7 0 1 0 1 3 1 2 0 0 0 5 2 0 2 5 5 3 0 0 0 0 0 0 1 0 2 3 0 0 1 1 5 0 1 0 6 0 5 1 1 3 0 0 1 0 0 0 0 2 0 0 1 0 1 0 0 0 0 0 7 7 0 0 1 2 1 0 3 4 0 0 0 0 0 0 0 0 1
"33" 33 "2009-08-10" 180 0 2 5 4 4 0 4 1 1 1 1 8 0 6 0 2 7 3 5 3 4 7 1 2 0 0 3 0 0 0 2 0 0 4 1 0 7 0 4 1 1 0 1 0 1 0 1 1 1 2 14 0 1 1 0 1 0 0 0 3 0 1 2 0 0 0 0 0 1 2 1 1 1 1 0 0 0 0 0 0 0 1 3 0 2 0 2 0 0 2 2 0 0 0 0 0 1 0 2 2
"34" 34 "2009-08-17" 153 2 1 3 4 0 1 2 1 3 5 0 7 0 14 1 1 2 0 5 0 6 4 0 3 1 1 2 1 0 0 1 0 3 2 0 0 5 1 0 1 1 0 0 0 1 0 0 4 2 0 7 0 3 0 1 1 0 0 0 2 0 0 1 0 0 0 0 0 1 2 2 0 0 0 0 2 1 0 0 0 0 0 1 0 3 0 2 0 1 0 0 0 0 0 0 0 0 0 1 3
"35" 35 "2009-08-24" 230 0 5 7 3 1 6 4 18 2 13 2 0 0 12 0 1 0 0 5 4 3 4 2 3 0 0 2 2 2 0 0 0 2 3 2 1 2 1 4 1 8 1 0 0 3 0 0 4 5 0 7 0 5 1 0 0 1 0 3 1 0 3 0 0 0 0 1 0 2 0 3 0 1 1 1 0 3 0 0 1 0 2 2 0 0 0 2 1 1 1 0 0 3 1 0 1 0 0 0 1
"36" 36 "2009-08-31" 229 3 14 6 14 1 3 6 12 0 10 1 0 0 10 0 0 1 0 2 4 4 13 2 0 0 1 0 3 0 0 1 0 2 0 1 0 0 0 8 0 3 0 0 0 13 0 1 3 11 1 6 0 7 0 3 2 0 0 0 0 0 3 0 1 0 0 0 0 0 0 2 0 0 2 0 0 0 0 1 1 1 1 1 0 1 0 0 1 2 0 0 0 4 2 0 0 0 1 0 0
"37" 37 "2009-09-07" 411 4 22 4 8 2 1 7 16 2 17 2 4 2 8 2 1 3 1 8 4 11 8 3 0 1 3 0 7 3 0 7 1 11 0 3 1 2 0 7 0 5 0 3 1 6 6 1 3 8 0 10 0 7 0 13 7 2 2 4 1 1 11 3 2 0 1 1 6 1 0 4 0 2 0 0 2 1 1 1 0 3 0 5 1 1 0 2 1 2 0 0 0 4 5 2 0 4 2 1 5
"38" 38 "2009-09-14" 448 3 12 14 12 7 3 5 26 8 35 6 3 1 10 4 2 6 4 5 3 7 6 4 1 0 5 4 7 15 1 4 1 8 0 6 0 1 1 13 4 2 6 2 0 10 4 0 1 8 1 2 1 6 2 4 4 1 1 1 0 1 14 1 1 0 0 0 2 1 3 3 0 2 1 0 1 2 0 0 0 7 1 4 0 1 0 0 0 2 0 0 0 2 5 1 0 4 0 1 1
"39" 39 "2009-09-21" 542 4 16 22 7 1 7 5 29 8 37 23 1 3 23 4 2 7 3 2 7 13 10 1 3 1 5 2 2 13 3 3 0 8 1 4 10 0 2 16 7 2 10 5 0 5 9 0 2 8 0 5 3 3 0 1 3 3 0 3 2 1 10 1 0 0 0 3 4 0 5 8 1 4 5 2 1 4 0 0 0 6 1 3 1 2 2 1 2 2 0 0 0 2 5 3 1 3 4 0 1
"40" 40 "2009-09-28" 697 6 35 40 5 8 9 12 36 17 23 19 3 8 36 1 3 6 6 8 12 8 7 5 6 2 0 2 4 11 5 8 3 5 4 7 6 1 7 13 10 5 11 5 0 0 9 5 11 1 0 5 1 0 1 4 6 8 1 3 4 1 5 1 4 1 0 1 15 6 1 2 0 3 2 6 3 2 1 0 0 0 0 5 1 1 8 1 0 5 1 1 1 0 9 2 0 8 0 4 6
"41" 41 "2009-10-05" 760 32 47 24 12 14 10 9 31 12 20 23 2 13 22 0 21 8 5 8 16 11 6 7 1 11 9 5 10 9 4 11 1 3 2 6 24 1 4 3 7 4 10 8 0 1 4 29 2 7 1 0 5 4 1 5 1 7 4 2 5 0 4 1 5 1 0 1 12 7 0 6 0 1 4 8 3 4 4 0 0 2 7 2 3 2 0 0 0 1 1 0 0 1 9 4 1 5 1 0 3
"42" 42 "2009-10-12" 1266 61 87 41 16 49 17 15 32 11 14 38 17 9 20 1 24 3 15 7 11 12 3 6 1 41 5 9 6 10 4 21 12 17 4 7 14 7 13 8 7 6 15 20 0 4 9 21 10 2 12 3 16 1 4 8 5 8 5 20 13 6 2 0 17 4 2 1 8 16 8 6 2 4 6 9 2 20 19 2 12 3 11 2 5 6 6 5 4 6 7 0 0 10 1 1 0 6 0 3 2
"43" 43 "2009-10-19" 1523 125 97 32 23 66 15 4 18 8 16 25 30 55 15 3 35 5 18 11 23 12 3 18 6 50 12 33 9 17 4 20 19 3 6 22 7 2 36 8 6 7 12 14 1 3 5 25 8 1 35 5 13 1 5 9 4 13 9 5 7 2 6 4 21 5 2 10 9 9 12 6 1 2 6 12 8 12 13 0 9 3 4 3 4 4 15 3 3 2 0 4 2 10 1 1 8 6 1 1 2
"44" 44 "2009-10-26" 1538 110 76 20 14 66 27 2 17 8 13 22 32 72 16 4 49 13 28 20 13 19 3 28 12 23 17 47 11 18 5 14 21 9 8 24 9 5 13 4 7 9 13 12 1 0 8 2 4 1 27 2 8 4 11 9 9 13 21 14 6 2 1 2 13 11 0 13 7 5 5 1 8 18 6 3 13 8 4 1 7 7 3 8 9 7 9 7 3 1 0 3 4 4 0 3 15 3 0 14 5
"45" 45 "2009-11-02" 1378 55 30 15 36 37 38 5 23 2 17 20 44 41 9 13 38 12 29 4 16 12 3 36 8 15 19 28 15 9 16 9 41 6 10 17 4 12 14 5 4 7 9 4 6 12 7 1 4 1 9 1 7 3 8 6 9 8 15 8 2 10 4 4 6 16 0 10 5 7 12 4 15 14 2 5 9 9 2 15 13 6 7 3 9 4 2 7 12 1 0 4 16 3 5 7 15 0 1 10 2
"46" 46 "2009-11-09" 878 62 14 8 31 29 38 1 9 5 17 13 24 22 12 8 12 5 12 7 6 11 5 22 8 4 9 12 6 6 5 1 9 7 6 12 6 8 2 2 2 4 3 1 1 8 3 2 0 1 7 1 2 2 0 7 3 5 4 8 1 16 0 2 1 10 0 4 1 2 6 3 10 9 2 3 6 1 3 12 2 2 1 5 5 5 1 1 5 0 1 0 9 4 1 1 2 1 1 9 1
"47" 47 "2009-11-16" 716 28 19 11 15 11 25 4 11 6 7 20 12 20 3 8 16 2 12 9 6 5 3 9 7 9 17 4 2 7 6 1 7 5 8 9 3 9 1 0 3 10 11 1 3 2 2 1 8 2 8 2 0 1 3 5 2 3 5 3 2 7 6 0 2 4 0 6 3 3 4 2 5 3 1 6 3 1 0 12 11 3 2 0 2 6 7 0 6 2 1 3 7 0 0 5 1 0 0 1 0
"48" 48 "2009-11-23" 382 13 5 6 11 12 11 3 9 1 2 9 12 3 7 0 6 6 1 7 4 3 3 9 4 3 4 6 0 7 0 0 6 4 6 11 2 4 1 3 4 1 1 1 14 3 0 1 3 1 2 0 1 3 5 3 4 3 0 1 0 3 2 0 1 0 0 2 1 1 2 2 3 1 0 2 2 0 1 6 0 2 0 0 3 3 3 0 2 2 2 0 1 0 0 0 3 0 0 0 0
"49" 49 "2009-11-30" 463 11 7 5 11 13 11 1 9 0 5 12 7 6 4 2 12 1 8 6 8 10 2 13 6 3 17 7 9 4 1 0 2 11 6 6 2 2 2 2 3 3 4 0 32 7 2 0 5 1 0 1 3 3 5 4 3 1 1 3 0 3 3 0 0 2 1 0 1 3 3 0 0 1 1 1 0 1 0 6 3 1 0 0 2 3 2 2 1 1 0 3 3 1 1 0 3 1 0 0 1
"50" 50 "2009-12-07" 352 11 7 12 5 9 13 1 9 4 9 8 2 10 3 2 5 3 4 0 4 9 1 5 2 4 3 1 3 0 10 1 13 15 2 0 1 1 0 1 3 3 1 0 31 1 2 0 4 1 3 3 1 8 1 6 3 1 0 2 1 4 3 0 0 1 0 1 1 1 1 1 0 1 0 1 0 0 0 1 0 0 1 0 3 1 3 0 5 1 0 3 1 1 1 2 0 0 0 0 3
"51" 51 "2009-12-14" 229 6 2 4 5 2 6 0 4 5 4 7 2 2 3 0 4 5 2 4 1 2 0 6 0 1 1 1 0 2 2 0 7 3 1 2 2 3 1 1 0 2 2 2 13 4 1 1 0 1 2 0 3 2 0 3 1 1 1 3 0 2 1 0 0 1 0 1 4 0 0 3 1 1 1 2 2 0 0 0 0 1 0 0 2 3 1 0 3 0 0 1 1 0 2 0 1 4 0 0 0
"52" 52 "2009-12-21" 139 14 0 1 5 5 4 2 2 2 2 3 2 0 1 2 2 3 0 4 4 0 0 3 1 0 2 0 0 1 0 3 0 1 0 0 1 1 3 3 1 1 1 0 5 2 0 0 0 2 0 1 3 2 0 2 0 0 0 0 0 0 2 3 0 1 0 1 1 0 2 0 0 0 0 2 1 0 1 0 0 1 0 0 0 0 1 0 1 3 0 2 0 0 0 0 0 1 0 0 0
"53" 53 "2009-12-28" 136 1 2 0 7 6 9 0 3 1 5 3 3 0 1 1 1 4 2 5 2 0 0 1 1 3 0 2 1 1 0 1 2 1 1 5 1 0 0 2 0 0 1 0 2 1 0 0 0 0 1 0 0 8 0 4 1 0 2 0 0 1 0 0 0 0 0 3 0 0 1 1 0 0 0 2 0 0 0 0 0 0 0 2 1 0 0 0 0 0 1 0 0 1 0 0 0 2 0 0 0
"54" 54 "2010-01-04" 186 9 5 1 3 4 8 1 4 1 7 6 3 3 1 0 1 3 3 4 6 4 0 1 1 0 2 0 5 1 1 4 5 2 0 1 0 3 0 0 0 1 0 2 0 1 2 0 6 0 2 1 1 1 2 3 1 4 2 3 1 0 0 0 0 0 0 2 1 0 2 1 1 1 1 1 0 0 0 0 0 0 0 3 1 2 0 0 0 0 2 1 1 0 0 0 2 1 0 0 1
"55" 55 "2010-01-11" 117 6 4 1 0 3 1 0 0 0 1 3 3 2 4 0 0 5 2 2 3 6 2 3 0 3 0 1 0 0 1 1 1 2 1 0 2 0 0 1 1 4 0 5 1 0 1 0 3 0 1 0 1 1 1 1 2 1 0 0 0 0 0 0 0 1 0 1 0 0 1 0 0 0 0 0 0 0 0 0 0 0 0 0 1 1 0 0 1 0 1 0 1 0 0 2 0 0 0 0 0
"56" 56 "2010-01-18" 130 7 6 1 2 6 2 0 0 0 2 2 1 1 2 0 1 4 2 2 4 0 0 3 0 1 1 1 3 1 0 2 1 3 0 1 3 0 0 1 1 9 3 2 1 2 0 0 2 0 0 0 0 1 0 2 0 0 0 0 0 0 1 0 0 0 0 5 0 1 1 2 0 0 0 1 1 0 0 0 0 0 0 0 1 0 0 0 0 0 0 0 0 0 0 0 0 1 0 0 0
"57" 57 "2010-01-25" 93 1 3 1 0 3 3 0 3 1 2 0 2 0 2 0 1 0 3 4 5 1 0 3 0 0 2 0 0 1 0 1 0 2 1 0 2 0 0 1 0 4 1 0 1 0 1 0 1 0 0 0 0 0 1 1 0 0 1 2 0 0 2 0 0 0 0 2 0 0 0 0 0 0 0 0 0 0 2 1 0 0 0 0 0 1 0 0 1 0 3 0 0 1 0 0 0 0 0 0 0
"58" 58 "2010-02-01" 119 6 7 0 1 2 1 0 5 4 2 3 1 1 0 0 2 2 2 2 3 2 0 1 0 2 0 1 1 0 0 0 2 0 1 1 2 0 0 0 1 3 0 1 0 0 0 2 0 0 0 0 1 0 1 2 3 0 0 1 0 0 1 0 0 0 0 2 0 0 2 0 0 0 1 0 0 0 0 2 1 2 1 0 1 2 0 0 2 0 3 2 0 0 2 1 0 2 0 0 0
"59" 59 "2010-02-08" 90 5 8 0 2 1 5 0 0 3 0 0 1 3 4 0 1 0 3 1 1 2 0 0 0 1 1 0 2 0 0 0 0 3 0 1 3 1 0 0 2 3 0 0 0 0 0 1 0 0 1 1 0 0 1 0 2 0 0 1 0 0 0 0 0 0 0 2 0 0 0 1 0 0 0 0 0 0 0 0 0 2 0 0 0 1 0 0 1 0 0 0 0 0 0 0 0 1 0 0 0
"60" 60 "2010-02-15" 131 6 7 1 1 5 4 1 3 1 2 0 4 4 6 1 1 5 1 7 2 2 0 0 0 2 0 1 2 0 0 1 0 3 0 0 0 1 0 0 4 6 1 1 0 2 0 1 2 1 0 0 0 0 0 0 3 1 0 0 0 0 0 0 0 2 0 3 0 0 3 0 0 0 0 0 0 2 0 2 0 1 0 0 0 1 0 1 0 0 0 0 0 1 3 0 0 0 0 0 0
"61" 61 "2010-02-22" 81 4 4 0 2 0 1 0 6 2 0 0 0 3 0 0 1 2 0 2 2 2 1 1 0 0 2 1 1 0 0 1 0 0 0 1 2 0 0 1 2 8 0 0 0 1 1 0 0 0 1 1 0 0 0 0 0 0 0 2 0 0 0 0 0 0 0 0 0 0 0 0 0 0 1 1 0 0 0 0 1 3 0 0 0 0 0 1 2 0 0 0 0 0 0 0 0 0 0 0 0
"62" 62 "2010-03-01" 77 2 3 0 1 1 0 0 0 0 2 0 1 1 2 0 1 1 1 4 2 3 1 2 0 2 3 0 1 0 0 0 0 0 1 1 2 0 0 0 3 5 0 0 0 2 0 0 0 2 0 0 1 0 0 1 2 0 0 1 0 0 0 0 0 0 0 0 0 0 1 0 1 0 0 0 0 0 0 1 2 2 0 0 1 0 0 0 0 0 0 0 1 0 0 0 0 0 0 0 1
"63" 63 "2010-03-08" 72 3 1 1 0 3 0 2 0 2 1 0 0 2 0 0 1 3 0 2 2 2 0 1 0 0 2 3 0 0 0 1 0 1 0 1 1 0 0 2 1 4 0 0 0 1 0 0 1 0 0 2 0 0 0 0 1 0 0 0 0 1 0 0 1 0 0 1 0 0 0 1 1 0 0 0 2 0 0 0 1 1 0 0 0 1 0 0 0 0 1 0 0 0 0 0 0 1 0 0 0
"64" 64 "2010-03-15" 69 4 2 0 0 3 0 0 1 3 3 1 1 0 1 0 2 3 0 0 0 0 0 0 0 0 2 2 2 0 0 0 1 0 0 1 3 0 0 0 0 3 0 1 0 0 0 0 0 3 0 0 0 1 0 0 1 1 0 1 0 0 0 0 0 2 0 0 0 0 1 1 0 1 0 0 0 0 0 0 0 4 1 0 0 1 0 0 0 0 0 0 0 0 2 0 0 0 0 1 0
"65" 65 "2010-03-22" 54 2 3 0 5 1 1 2 1 1 1 0 1 0 0 0 0 1 0 2 0 1 1 2 0 1 0 0 0 2 0 0 1 0 0 0 1 0 1 2 0 4 0 1 0 1 0 0 0 1 0 0 0 2 0 0 2 1 0 0 0 0 0 0 0 0 0 0 1 0 0 0 0 0 0 0 0 0 0 0 0 1 0 1 0 0 0 0 0 0 0 0 0 0 0 0 0 1 0 0 0
"66" 66 "2010-03-29" 35 3 1 0 0 1 1 0 0 1 2 1 2 0 0 0 0 0 0 4 0 0 0 0 0 0 0 1 2 0 0 0 1 0 0 0 0 0 0 0 0 0 1 0 0 0 0 1 0 2 0 0 0 2 0 0 0 0 1 0 0 0 0 0 0 1 0 0 0 0 0 0 0 0 0 0 0 0 0 0 0 0 1 2 0 1 0 0 0 0 0 0 0 0 0 0 0 0 0 0 0
"67" 67 "2010-04-05" 42 0 2 0 2 0 1 0 1 0 3 0 1 0 0 0 0 0 0 3 1 0 0 0 0 1 0 2 0 0 0 0 0 1 0 0 0 1 0 0 0 4 1 1 0 0 1 0 0 0 0 0 0 0 0 3 0 0 0 0 0 1 0 0 0 1 0 0 0 0 0 2 0 0 0 0 0 0 0 0 0 0 1 0 0 1 0 0 0 1 0 0 0 0 1 0 0 0 0 0 0
"68" 68 "2010-04-12" 36 1 1 0 0 1 0 0 0 1 4 1 1 1 0 1 0 1 1 2 1 1 0 1 0 0 1 0 0 0 0 1 0 1 1 0 0 0 0 0 2 0 1 0 0 1 0 0 0 0 0 0 0 0 0 1 0 0 0 0 0 0 0 0 0 3 0 0 0 0 0 0 0 0 0 0 0 0 0 1 0 0 0 0 0 0 0 1 0 0 1 0 0 0 0 0 0 0 0 0 0
"69" 69 "2010-04-19" 38 2 2 0 2 2 1 0 3 0 1 0 0 0 0 0 1 0 0 1 0 0 0 0 0 0 1 0 0 1 0 0 0 0 0 0 1 1 0 1 0 4 0 1 0 0 1 0 0 0 0 0 2 1 0 1 2 0 1 0 0 0 0 0 0 0 0 0 0 0 0 0 0 0 1 0 0 0 0 0 0 0 0 0 0 0 0 0 0 0 0 0 0 0 0 0 0 0 0 0 0
"70" 70 "2010-04-26" 29 2 0 0 0 1 0 0 0 1 0 0 1 0 0 0 0 0 0 2 1 0 0 0 0 0 0 0 0 2 0 0 0 0 0 0 1 0 0 0 0 1 0 0 0 0 0 0 0 0 0 1 0 1 0 0 2 0 0 0 0 0 0 0 3 2 1 0 0 1 0 0 0 0 0 0 0 0 1 0 1 0 0 0 0 0 0 0 0 0 0 0 0 0 0 0 0 1 0 0 0
"71" 71 "2010-05-03" 31 2 1 0 1 0 0 0 0 3 1 0 0 0 0 0 0 0 0 0 2 1 0 0 0 0 0 0 1 0 0 0 0 0 0 0 0 0 1 1 0 0 0 0 0 0 0 0 0 0 0 1 0 1 0 0 1 0 0 0 0 0 0 0 0 1 1 1 0 0 1 1 0 0 0 0 0 0 1 0 0 0 0 0 0 0 0 0 0 0 0 0 0 0 0 0 0 0 0 1 0
"72" 72 "2010-05-10" 26 1 1 0 0 1 0 0 0 1 0 0 0 1 0 0 0 1 0 2 0 0 0 0 0 0 0 1 1 0 0 0 0 0 0 1 2 1 0 0 0 1 0 0 0 1 0 0 0 1 0 0 1 0 0 0 0 0 0 0 0 0 0 0 0 0 3 0 0 0 0 0 1 0 0 0 0 0 0 0 0 0 0 0 0 0 0 0 0 0 0 0 2 0 0 0 0 0 0 0 0
"73" 73 "2010-05-17" 25 2 2 0 1 0 0 0 0 0 0 0 1 0 0 0 0 0 1 1 2 1 0 0 0 0 0 0 0 1 0 0 0 0 0 0 1 1 0 0 0 1 0 1 0 1 0 0 0 0 0 0 2 0 0 0 0 0 0 0 0 0 0 0 0 0 0 0 0 0 0 0 0 0 0 0 0 0 0 0 1 0 0 0 0 0 0 0 0 0 0 0 1 0 0 0 0 0 0 0 0
"74" 74 "2010-05-24" 17 2 0 0 1 0 0 0 2 0 0 0 0 0 0 0 0 1 0 0 0 0 0 0 0 0 0 0 0 0 0 0 0 0 2 1 1 0 1 1 2 0 0 0 0 0 0 0 0 0 0 0 0 1 0 0 0 0 0 0 0 0 0 0 0 0 1 0 0 0 0 0 0 0 0 0 0 0 0 0 0 0 0 0 0 0 0 0 0 0 0 0 0 0 0 0 0 0 0 0 0
"75" 75 "2010-05-31" 34 2 2 0 0 1 0 1 0 0 1 0 1 0 0 0 0 3 1 1 0 1 0 0 0 0 0 1 0 0 0 1 0 0 0 0 0 1 0 0 0 0 0 0 0 0 0 0 0 0 0 0 0 0 0 0 0 0 0 0 0 0 0 0 0 1 3 0 0 0 1 4 0 0 0 0 0 0 0 0 0 0 0 0 0 0 0 0 0 0 1 0 0 0 1 0 0 0 0 0 0
"76" 76 "2010-06-07" 30 1 1 1 3 0 1 1 0 0 0 0 1 0 1 0 0 0 0 0 0 0 1 0 0 0 0 0 0 1 0 0 0 0 0 0 0 0 0 1 0 0 0 0 0 0 0 0 0 0 0 0 0 0 0 0 0 0 0 2 0 0 0 0 0 0 7 0 0 0 0 1 2 0 0 0 0 0 0 0 0 0 1 0 0 0 0 0 0 1 0 0 1 0 0 0 0 0 0 0 0
"77" 77 "2010-06-14" 13 1 1 0 0 0 1 0 1 0 0 0 1 0 0 0 0 0 0 0 1 1 0 0 0 0 0 0 0 0 0 0 0 0 0 0 1 0 0 0 0 0 1 0 0 0 0 0 0 0 0 0 0 0 0 0 0 0 0 0 0 0 0 0 0 0 0 0 0 0 0 0 1 0 0 0 0 0 0 0 0 0 0 0 0 0 0 0 0 0 0 0 0 0 0 0 0 0 0 0 0
"78" 78 "2010-06-21" 18 1 0 0 0 0 0 0 1 0 1 1 0 0 0 0 0 0 0 0 0 1 0 0 0 0 0 0 0 2 0 0 0 0 0 0 4 0 0 0 0 0 0 0 0 0 0 0 0 0 0 0 0 0 2 0 0 0 0 0 0 0 0 1 0 0 0 0 0 0 0 0 1 0 0 0 0 0 0 0 0 0 0 0 0 0 0 0 0 0 0 0 2 0 0 0 0 0 0 0 0
"79" 79 "2010-06-28" 15 0 1 0 0 1 1 0 0 1 0 0 0 0 0 0 0 0 0 1 0 1 0 0 1 0 0 0 0 0 0 0 0 0 0 0 1 0 0 0 3 0 0 0 0 0 0 0 0 0 0 0 0 1 0 0 0 0 0 0 0 0 0 0 0 0 1 1 0 0 0 0 0 0 0 0 0 0 0 0 0 0 0 0 0 0 0 0 0 0 0 0 0 0 0 0 0 0 0 0 0
"80" 80 "2010-07-05" 20 0 1 0 1 0 0 0 0 1 1 0 0 0 0 0 0 1 0 1 0 0 0 0 0 0 0 1 0 0 0 0 0 0 0 0 2 0 0 0 0 0 0 0 0 0 0 0 0 0 0 0 0 0 0 0 0 0 0 1 0 0 0 0 0 0 3 0 0 0 0 1 1 0 0 0 0 0 0 0 0 0 0 0 0 0 0 0 0 1 0 0 0 0 0 0 0 0 0 0 0
"81" 81 "2010-07-12" 20 0 0 0 0 0 0 0 0 0 0 0 0 0 0 0 0 0 0 0 0 1 1 0 0 0 0 0 0 0 0 1 0 0 0 0 0 0 0 0 0 1 0 0 0 0 0 0 0 0 0 0 0 0 0 0 0 0 0 0 0 0 0 0 0 0 2 0 0 0 0 0 0 0 0 0 0 0 0 0 0 1 0 0 0 0 0 0 0 0 0 0 0 0 0 0 0 0 0 0 0
"82" 82 "2010-07-19" 28 0 0 0 0 0 0 0 0 0 0 0 0 0 0 0 0 0 0 0 0 0 0 0 0 0 0 0 0 0 0 0 0 0 0 0 0 0 0 0 0 0 0 0 0 0 0 0 0 0 0 0 0 0 0 0 0 0 0 0 0 0 0 0 0 0 0 0 0 0 0 0 0 0 0 0 0 0 0 0 0 0 0 0 0 0 0 0 0 0 0 0 0 0 0 0 0 0 0 0 0
"83" 83 "2010-07-26" 28 0 0 0 0 0 0 0 0 0 0 0 0 0 0 0 0 0 0 0 0 0 0 0 0 0 0 0 0 0 0 0 0 0 0 0 0 0 0 0 0 0 0 0 0 0 0 0 0 0 0 0 0 0 0 0 0 0 0 0 0 0 0 0 0 0 0 0 0 0 0 0 0 0 0 0 0 0 0 0 0 0 0 0 0 0 0 0 0 0 0 0 0 0 0 0 0 0 0 0 0
"84" 84 "2010-08-02" 13 0 0 0 0 0 0 0 0 0 0 0 0 0 0 0 0 0 0 0 0 0 0 0 0 0 0 0 0 0 0 0 0 0 0 0 0 0 0 0 0 0 0 0 0 0 0 0 0 0 0 0 0 0 0 0 0 0 0 0 0 0 0 0 0 0 0 0 0 0 0 0 0 0 0 0 0 0 0 0 0 0 0 0 0 0 0 0 0 0 0 0 0 0 0 0 0 0 0 0 0
"85" 85 "2010-08-09" 14 0 0 0 0 0 0 0 0 0 0 0 0 0 0 0 0 0 0 0 0 0 0 0 0 0 0 0 0 0 0 0 0 0 0 0 0 0 0 0 0 0 0 0 0 0 0 0 0 0 0 0 0 0 0 0 0 0 0 0 0 0 0 0 0 0 0 0 0 0 0 0 0 0 0 0 0 0 0 0 0 0 0 0 0 0 0 0 0 0 0 0 0 0 0 0 0 0 0 0 0
"86" 86 "2010-08-16" 17 0 0 0 0 0 0 0 0 0 0 0 0 0 0 0 0 0 0 0 0 0 0 0 0 0 0 0 0 0 0 0 0 0 0 0 0 0 0 0 0 0 0 0 0 0 0 0 0 0 0 0 0 0 0 0 0 0 0 0 0 0 0 0 0 0 0 0 0 0 0 0 0 0 0 0 0 0 0 0 0 0 0 0 0 0 0 0 0 0 0 0 0 0 0 0 0 0 0 0 0
"87" 87 "2010-08-23" 25 0 0 0 0 0 0 0 0 0 0 0 0 0 0 0 0 0 0 0 0 0 0 0 0 0 0 0 0 0 0 0 0 0 0 0 0 0 0 0 0 0 0 0 0 0 0 0 0 0 0 0 0 0 0 0 0 0 0 0 0 0 0 0 0 0 0 0 0 0 0 0 0 0 0 0 0 0 0 0 0 0 0 0 0 0 0 0 0 0 0 0 0 0 0 0 0 0 0 0 0
"88" 88 "2010-08-30" 37 0 0 0 0 0 0 0 0 0 0 0 0 0 0 0 0 0 0 0 0 0 0 0 0 0 0 0 0 0 0 0 0 0 0 0 0 0 0 0 0 0 0 0 0 0 0 0 0 0 0 0 0 0 0 0 0 0 0 0 0 0 0 0 0 0 0 0 0 0 0 0 0 0 0 0 0 0 0 0 0 0 0 0 0 0 0 0 0 0 0 0 0 0 0 0 0 0 0 0 0
"89" 89 "2010-09-06" 34 0 0 0 0 0 0 0 0 0 0 0 0 0 0 0 0 0 0 0 0 0 0 0 0 0 0 0 0 0 0 0 0 0 0 0 0 0 0 0 0 0 0 0 0 0 0 0 0 0 0 0 0 0 0 0 0 0 0 0 0 0 0 0 0 0 0 0 0 0 0 0 0 0 0 0 0 0 0 0 0 0 0 0 0 0 0 0 0 0 0 0 0 0 0 0 0 0 0 0 0
"90" 90 "2010-09-13" 33 0 0 0 0 0 0 0 0 0 0 0 0 0 0 0 0 0 0 0 0 0 0 0 0 0 0 0 0 0 0 0 0 0 0 0 0 0 0 0 0 0 0 0 0 0 0 0 0 0 0 0 0 0 0 0 0 0 0 0 0 0 0 0 0 0 0 0 0 0 0 0 0 0 0 0 0 0 0 0 0 0 0 0 0 0 0 0 0 0 0 0 0 0 0 0 0 0 0 0 0
"91" 91 "2010-09-20" 56 0 0 0 0 0 0 0 0 0 0 0 0 0 0 0 0 0 0 0 0 0 0 0 0 0 0 0 0 0 0 0 0 0 0 0 0 0 0 0 0 0 0 0 0 0 0 0 0 0 0 0 0 0 0 0 0 0 0 0 0 0 0 0 0 0 0 0 0 0 0 0 0 0 0 0 0 0 0 0 0 0 0 0 0 0 0 0 0 0 0 0 0 0 0 0 0 0 0 0 0
"92" 92 "2010-09-27" 54 0 0 0 0 0 0 0 0 0 0 0 0 0 0 0 0 0 0 0 0 0 0 0 0 0 0 0 0 0 0 0 0 0 0 0 0 0 0 0 0 0 0 0 0 0 0 0 0 0 0 0 0 0 0 0 0 0 0 0 0 0 0 0 0 0 0 0 0 0 0 0 0 0 0 0 0 0 0 0 0 0 0 0 0 0 0 0 0 0 0 0 0 0 0 0 0 0 0 0 0
"93" 93 "2010-10-04" 25 0 0 0 0 0 0 0 0 0 0 0 0 0 0 0 0 0 0 0 0 0 0 0 0 0 0 0 0 0 0 0 0 0 0 0 0 0 0 0 0 0 0 0 0 0 0 0 0 0 0 0 0 0 0 0 0 0 0 0 0 0 0 0 0 0 0 0 0 0 0 0 0 0 0 0 0 0 0 0 0 0 0 0 0 0 0 0 0 0 0 0 0 0 0 0 0 0 0 0 0
"94" 94 "2010-10-11" 48 0 0 0 0 0 0 0 0 0 0 0 0 0 0 0 0 0 0 0 0 0 0 0 0 0 0 0 0 0 0 0 0 0 0 0 0 0 0 0 0 0 0 0 0 0 0 0 0 0 0 0 0 0 0 0 0 0 0 0 0 0 0 0 0 0 0 0 0 0 0 0 0 0 0 0 0 0 0 0 0 0 0 0 0 0 0 0 0 0 0 0 0 0 0 0 0 0 0 0 0
"95" 95 "2010-10-18" 44 0 0 0 0 0 0 0 0 0 0 0 0 0 0 0 0 0 0 0 0 0 0 0 0 0 0 0 0 0 0 0 0 0 0 0 0 0 0 0 0 0 0 0 0 0 0 0 0 0 0 0 0 0 0 0 0 0 0 0 0 0 0 0 0 0 0 0 0 0 0 0 0 0 0 0 0 0 0 0 0 0 0 0 0 0 0 0 0 0 0 0 0 0 0 0 0 0 0 0 0
"96" 96 "2010-10-25" 61 0 0 0 0 0 0 0 0 0 0 0 0 0 0 0 0 0 0 0 0 0 0 0 0 0 0 0 0 0 0 0 0 0 0 0 0 0 0 0 0 0 0 0 0 0 0 0 0 0 0 0 0 0 0 0 0 0 0 0 0 0 0 0 0 0 0 0 0 0 0 0 0 0 0 0 0 0 0 0 0 0 0 0 0 0 0 0 0 0 0 0 0 0 0 0 0 0 0 0 0
"97" 97 "2010-11-01" 58 0 0 0 0 0 0 0 0 0 0 0 0 0 0 0 0 0 0 0 0 0 0 0 0 0 0 0 0 0 0 0 0 0 0 0 0 0 0 0 0 0 0 0 0 0 0 0 0 0 0 0 0 0 0 0 0 0 0 0 0 0 0 0 0 0 0 0 0 0 0 0 0 0 0 0 0 0 0 0 0 0 0 0 0 0 0 0 0 0 0 0 0 0 0 0 0 0 0 0 0
"98" 98 "2010-11-08" 48 0 0 0 0 0 0 0 0 0 0 0 0 0 0 0 0 0 0 0 0 0 0 0 0 0 0 0 0 0 0 0 0 0 0 0 0 0 0 0 0 0 0 0 0 0 0 0 0 0 0 0 0 0 0 0 0 0 0 0 0 0 0 0 0 0 0 0 0 0 0 0 0 0 0 0 0 0 0 0 0 0 0 0 0 0 0 0 0 0 0 0 0 0 0 0 0 0 0 0 0
"99" 99 "2010-11-15" 55 0 0 0 0 0 0 0 0 0 0 0 0 0 0 0 0 0 0 0 0 0 0 0 0 0 0 0 0 0 0 0 0 0 0 0 0 0 0 0 0 0 0 0 0 0 0 0 0 0 0 0 0 0 0 0 0 0 0 0 0 0 0 0 0 0 0 0 0 0 0 0 0 0 0 0 0 0 0 0 0 0 0 0 0 0 0 0 0 0 0 0 0 0 0 0 0 0 0 0 0
"100" 100 "2010-11-22" 57 0 0 0 0 0 0 0 0 0 0 0 0 0 0 0 0 0 0 0 0 0 0 0 0 0 0 0 0 0 0 0 0 0 0 0 0 0 0 0 0 0 0 0 0 0 0 0 0 0 0 0 0 0 0 0 0 0 0 0 0 0 0 0 0 0 0 0 0 0 0 0 0 0 0 0 0 0 0 0 0 0 0 0 0 0 0 0 0 0 0 0 0 0 0 0 0 0 0 0 0
"101" 101 "2010-11-29" 74 0 0 0 0 0 0 0 0 0 0 0 0 0 0 0 0 0 0 0 0 0 0 0 0 0 0 0 0 0 0 0 0 0 0 0 0 0 0 0 0 0 0 0 0 0 0 0 0 0 0 0 0 0 0 0 0 0 0 0 0 0 0 0 0 0 0 0 0 0 0 0 0 0 0 0 0 0 0 0 0 0 0 0 0 0 0 0 0 0 0 0 0 0 0 0 0 0 0 0 0
"102" 102 "2010-12-06" 77 0 0 0 0 0 0 0 0 0 0 0 0 0 0 0 0 0 0 0 0 0 0 0 0 0 0 0 0 0 0 0 0 0 0 0 0 0 0 0 0 0 0 0 0 0 0 0 0 0 0 0 0 0 0 0 0 0 0 0 0 0 0 0 0 0 0 0 0 0 0 0 0 0 0 0 0 0 0 0 0 0 0 0 0 0 0 0 0 0 0 0 0 0 0 0 0 0 0 0 0
"103" 103 "2010-12-13" 60 0 0 0 0 0 0 0 0 0 0 0 0 0 0 0 0 0 0 0 0 0 0 0 0 0 0 0 0 0 0 0 0 0 0 0 0 0 0 0 0 0 0 0 0 0 0 0 0 0 0 0 0 0 0 0 0 0 0 0 0 0 0 0 0 0 0 0 0 0 0 0 0 0 0 0 0 0 0 0 0 0 0 0 0 0 0 0 0 0 0 0 0 0 0 0 0 0 0 0 0
"104" 104 "2010-12-20" 60 0 0 0 0 0 0 0 0 0 0 0 0 0 0 0 0 0 0 0 0 0 0 0 0 0 0 0 0 0 0 0 0 0 0 0 0 0 0 0 0 0 0 0 0 0 0 0 0 0 0 0 0 0 0 0 0 0 0 0 0 0 0 0 0 0 0 0 0 0 0 0 0 0 0 0 0 0 0 0 0 0 0 0 0 0 0 0 0 0 0 0 0 0 0 0 0 0 0 0 0
"105" 105 "2010-12-27" 88 0 0 0 0 0 0 0 0 0 0 0 0 0 0 0 0 0 0 0 0 0 0 0 0 0 0 0 0 0 0 0 0 0 0 0 0 0 0 0 0 0 0 0 0 0 0 0 0 0 0 0 0 0 0 0 0 0 0 0 0 0 0 0 0 0 0 0 0 0 0 0 0 0 0 0 0 0 0 0 0 0 0 0 0 0 0 0 0 0 0 0 0 0 0 0 0 0 0 0 0
"106" 106 "2011-01-03" 150 0 0 0 0 0 0 0 0 0 0 0 0 0 0 0 0 0 0 0 0 0 0 0 0 0 0 0 0 0 0 0 0 0 0 0 0 0 0 0 0 0 0 0 0 0 0 0 0 0 0 0 0 0 0 0 0 0 0 0 0 0 0 0 0 0 0 0 0 0 0 0 0 0 0 0 0 0 0 0 0 0 0 0 0 0 0 0 0 0 0 0 0 0 0 0 0 0 0 0 0
"107" 107 "2011-01-10" 118 0 0 0 0 0 0 0 0 0 0 0 0 0 0 0 0 0 0 0 0 0 0 0 0 0 0 0 0 0 0 0 0 0 0 0 0 0 0 0 0 0 0 0 0 0 0 0 0 0 0 0 0 0 0 0 0 0 0 0 0 0 0 0 0 0 0 0 0 0 0 0 0 0 0 0 0 0 0 0 0 0 0 0 0 0 0 0 0 0 0 0 0 0 0 0 0 0 0 0 0
"108" 108 "2011-01-17" 178 0 0 0 0 0 0 0 0 0 0 0 0 0 0 0 0 0 0 0 0 0 0 0 0 0 0 0 0 0 0 0 0 0 0 0 0 0 0 0 0 0 0 0 0 0 0 0 0 0 0 0 0 0 0 0 0 0 0 0 0 0 0 0 0 0 0 0 0 0 0 0 0 0 0 0 0 0 0 0 0 0 0 0 0 0 0 0 0 0 0 0 0 0 0 0 0 0 0 0 0
"109" 109 "2011-01-24" 217 0 0 0 0 0 0 0 0 0 0 0 0 0 0 0 0 0 0 0 0 0 0 0 0 0 0 0 0 0 0 0 0 0 0 0 0 0 0 0 0 0 0 0 0 0 0 0 0 0 0 0 0 0 0 0 0 0 0 0 0 0 0 0 0 0 0 0 0 0 0 0 0 0 0 0 0 0 0 0 0 0 0 0 0 0 0 0 0 0 0 0 0 0 0 0 0 0 0 0 0
"110" 110 "2011-01-31" 207 0 0 0 0 0 0 0 0 0 0 0 0 0 0 0 0 0 0 0 0 0 0 0 0 0 0 0 0 0 0 0 0 0 0 0 0 0 0 0 0 0 0 0 0 0 0 0 0 0 0 0 0 0 0 0 0 0 0 0 0 0 0 0 0 0 0 0 0 0 0 0 0 0 0 0 0 0 0 0 0 0 0 0 0 0 0 0 0 0 0 0 0 0 0 0 0 0 0 0 0
"111" 111 "2011-02-07" 242 0 0 0 0 0 0 0 0 0 0 0 0 0 0 0 0 0 0 0 0 0 0 0 0 0 0 0 0 0 0 0 0 0 0 0 0 0 0 0 0 0 0 0 0 0 0 0 0 0 0 0 0 0 0 0 0 0 0 0 0 0 0 0 0 0 0 0 0 0 0 0 0 0 0 0 0 0 0 0 0 0 0 0 0 0 0 0 0 0 0 0 0 0 0 0 0 0 0 0 0
"112" 112 "2011-02-14" 193 0 0 0 0 0 0 0 0 0 0 0 0 0 0 0 0 0 0 0 0 0 0 0 0 0 0 0 0 0 0 0 0 0 0 0 0 0 0 0 0 0 0 0 0 0 0 0 0 0 0 0 0 0 0 0 0 0 0 0 0 0 0 0 0 0 0 0 0 0 0 0 0 0 0 0 0 0 0 0 0 0 0 0 0 0 0 0 0 0 0 0 0 0 0 0 0 0 0 0 0
"113" 113 "2011-02-21" 259 0 0 0 0 0 0 0 0 0 0 0 0 0 0 0 0 0 0 0 0 0 0 0 0 0 0 0 0 0 0 0 0 0 0 0 0 0 0 0 0 0 0 0 0 0 0 0 0 0 0 0 0 0 0 0 0 0 0 0 0 0 0 0 0 0 0 0 0 0 0 0 0 0 0 0 0 0 0 0 0 0 0 0 0 0 0 0 0 0 0 0 0 0 0 0 0 0 0 0 0
"114" 114 "2011-02-28" 119 0 0 0 0 0 0 0 0 0 0 0 0 0 0 0 0 0 0 0 0 0 0 0 0 0 0 0 0 0 0 0 0 0 0 0 0 0 0 0 0 0 0 0 0 0 0 0 0 0 0 0 0 0 0 0 0 0 0 0 0 0 0 0 0 0 0 0 0 0 0 0 0 0 0 0 0 0 0 0 0 0 0 0 0 0 0 0 0 0 0 0 0 0 0 0 0 0 0 0 0
"115" 115 "2011-03-07" 125 0 0 0 0 0 0 0 0 0 0 0 0 0 0 0 0 0 0 0 0 0 0 0 0 0 0 0 0 0 0 0 0 0 0 0 0 0 0 0 0 0 0 0 0 0 0 0 0 0 0 0 0 0 0 0 0 0 0 0 0 0 0 0 0 0 0 0 0 0 0 0 0 0 0 0 0 0 0 0 0 0 0 0 0 0 0 0 0 0 0 0 0 0 0 0 0 0 0 0 0
"116" 116 "2011-03-14" 71 0 0 0 0 0 0 0 0 0 0 0 0 0 0 0 0 0 0 0 0 0 0 0 0 0 0 0 0 0 0 0 0 0 0 0 0 0 0 0 0 0 0 0 0 0 0 0 0 0 0 0 0 0 0 0 0 0 0 0 0 0 0 0 0 0 0 0 0 0 0 0 0 0 0 0 0 0 0 0 0 0 0 0 0 0 0 0 0 0 0 0 0 0 0 0 0 0 0 0 0
"117" 117 "2011-03-21" 72 0 0 0 0 0 0 0 0 0 0 0 0 0 0 0 0 0 0 0 0 0 0 0 0 0 0 0 0 0 0 0 0 0 0 0 0 0 0 0 0 0 0 0 0 0 0 0 0 0 0 0 0 0 0 0 0 0 0 0 0 0 0 0 0 0 0 0 0 0 0 0 0 0 0 0 0 0 0 0 0 0 0 0 0 0 0 0 0 0 0 0 0 0 0 0 0 0 0 0 0
"118" 118 "2011-03-28" 48 0 0 0 0 0 0 0 0 0 0 0 0 0 0 0 0 0 0 0 0 0 0 0 0 0 0 0 0 0 0 0 0 0 0 0 0 0 0 0 0 0 0 0 0 0 0 0 0 0 0 0 0 0 0 0 0 0 0 0 0 0 0 0 0 0 0 0 0 0 0 0 0 0 0 0 0 0 0 0 0 0 0 0 0 0 0 0 0 0 0 0 0 0 0 0 0 0 0 0 0
"119" 119 "2011-04-04" 40 0 0 0 0 0 0 0 0 0 0 0 0 0 0 0 0 0 0 0 0 0 0 0 0 0 0 0 0 0 0 0 0 0 0 0 0 0 0 0 0 0 0 0 0 0 0 0 0 0 0 0 0 0 0 0 0 0 0 0 0 0 0 0 0 0 0 0 0 0 0 0 0 0 0 0 0 0 0 0 0 0 0 0 0 0 0 0 0 0 0 0 0 0 0 0 0 0 0 0 0
"120" 120 "2011-04-11" 26 0 0 0 0 0 0 0 0 0 0 0 0 0 0 0 0 0 0 0 0 0 0 0 0 0 0 0 0 0 0 0 0 0 0 0 0 0 0 0 0 0 0 0 0 0 0 0 0 0 0 0 0 0 0 0 0 0 0 0 0 0 0 0 0 0 0 0 0 0 0 0 0 0 0 0 0 0 0 0 0 0 0 0 0 0 0 0 0 0 0 0 0 0 0 0 0 0 0 0 0
"121" 121 "2011-04-18" 13 0 0 0 0 0 0 0 0 0 0 0 0 0 0 0 0 0 0 0 0 0 0 0 0 0 0 0 0 0 0 0 0 0 0 0 0 0 0 0 0 0 0 0 0 0 0 0 0 0 0 0 0 0 0 0 0 0 0 0 0 0 0 0 0 0 0 0 0 0 0 0 0 0 0 0 0 0 0 0 0 0 0 0 0 0 0 0 0 0 0 0 0 0 0 0 0 0 0 0 0
