"X" "week" "date" "X23708" "X80913" "X78236" "X92134" "X23665" "X92055" "X99506" "X29207" "X78234" "X32542" "X42223" "X23511" "X76544" "X79920" "X22134" "X89191" "X28547" "X94535" "X98431" "X28310" "X32214" "X85309" "X30905" "X20762" "X22060" "X40121" "X39534" "X23801" "X29905" "X23604" "X32228" "X20889" "X92278" "X60088" "X9180" "X83648" "X66442" "X36112" "X87117" "X96859" "X65473" "X29152" "X31314" "X96319" "X96350" "X78843" "X84056" "X31905" "X57706" "X71459"
"1" 1 13 "3/30/09" 0.007230209 0.002653587 0.00665289 0.007215244 0.006811404 0.005443252 0.004118395 0.008482852 0.00684141 0.011393014 0.006494687 0.00705151 0.006725584 0.002489294 0.006126334 0.002233036 0.008863235 0.004965223 0.004285982 0.007962801 0.011391623 0.002610087 0.008605234 0.006052184 0.006084449 0.006048637 0.011328982 0.0066378 0.00995621 0.006799979 0.011391623 0.005890955 0.002290821 0.003889476 0.0050858 0.003082778 0.004096182 0.009477695 0.002117367 0.015803711 0.005425749 0.008581658 0.009951678 0.008897021 0.006340631 0.005019177 0.003651617 0.009272859 0.003056726 0.00867143
"2" 2 14 "4/6/09" 0.006544589 0.00289744 0.005199194 0.007115654 0.006171297 0.005440519 0.003926531 0.007058868 0.005329609 0.009178173 0.005577137 0.006404705 0.005328223 0.002721739 0.004928922 0.002829286 0.007794709 0.006278255 0.005130834 0.006813255 0.008986153 0.003418219 0.00729707 0.005031406 0.004915897 0.005141509 0.009103303 0.005660976 0.008550396 0.006115197 0.008986153 0.004486535 0.003119501 0.003108235 0.004657 0.004551201 0.003910258 0.007826213 0.002629741 0.014458858 0.004460613 0.00711931 0.00821486 0.008269595 0.006111171 0.004992532 0.004657002 0.007848341 0.003432405 0.007702933
"3" 3 15 "4/13/09" 0.00667515 0.004158611 0.008534628 0.006636986 0.006428899 0.004799506 0.003288208 0.007670452 0.008544542 0.010581551 0.007430241 0.006623072 0.008449645 0.002715278 0.00515863 0.003353707 0.007846939 0.005976471 0.004677841 0.007157264 0.010662159 0.003333682 0.007860061 0.005214804 0.005146372 0.007055633 0.011051543 0.005807839 0.009564907 0.006228386 0.010662159 0.004827958 0.002807534 0.004948415 0.004601689 0.00390859 0.006698929 0.008990773 0.00345821 0.015216302 0.007197804 0.007747845 0.009446033 0.008401585 0.007256425 0.007901775 0.005090299 0.008675781 0.005482069 0.010120479
"4" 4 16 "4/20/09" 0.009283213 0.003725764 0.009734278 0.007344461 0.008732377 0.005481648 0.003535676 0.0093681 0.009932907 0.011515971 0.008309032 0.009040866 0.009708219 0.002156382 0.007701065 0.002766522 0.010465138 0.006917628 0.005146105 0.009434511 0.010572632 0.002624673 0.009299311 0.007692368 0.007656711 0.008068694 0.011873576 0.008428886 0.010937591 0.008771947 0.010572632 0.00710463 0.00289309 0.007298065 0.005134325 0.003554418 0.008618313 0.009724384 0.00252785 0.013995945 0.008533522 0.009625701 0.010466658 0.008452175 0.006688603 0.009120228 0.004784389 0.009543232 0.004614084 0.011039466
"5" 5 17 "4/27/09" 0.011530211 0.005547652 0.014610931 0.007923722 0.010898318 0.006783828 0.003745993 0.01209915 0.014633063 0.013504101 0.011487149 0.011197127 0.014673736 0.00229167 0.010169423 0.003826371 0.012822737 0.006797729 0.00523764 0.012039406 0.012709232 0.003129852 0.011933479 0.010027292 0.010095001 0.010807939 0.014412972 0.011064039 0.012793041 0.01106854 0.012709232 0.009509724 0.004264397 0.007718568 0.004793014 0.004352263 0.008372361 0.013199874 0.002669852 0.013420305 0.010369859 0.012157695 0.01226435 0.007244106 0.006641951 0.01444642 0.005223615 0.012566641 0.004774681 0.014605323
"6" 6 18 "5/4/09" 0.013143053 0.004923692 0.013685022 0.009058347 0.012371178 0.007396832 0.003423485 0.014008627 0.01374518 0.015598521 0.011300537 0.012775812 0.013923421 0.003060222 0.010638269 0.00343318 0.014549088 0.008356455 0.005690916 0.013707321 0.014484991 0.003810975 0.013874566 0.010316917 0.0105306 0.010297583 0.016222159 0.01219922 0.014984162 0.012480593 0.014484991 0.009943155 0.004080655 0.007543579 0.005426687 0.004601466 0.008394893 0.015071982 0.003593183 0.01090732 0.009825585 0.014208107 0.014713811 0.007707196 0.007248188 0.012729584 0.005404407 0.014538805 0.005061427 0.015446912
"7" 7 19 "5/11/09" 0.011016278 0.005092286 0.013340743 0.008952436 0.010570414 0.007249452 0.003575671 0.012788547 0.013367212 0.015384714 0.011229043 0.010809322 0.013003116 0.003232405 0.010016361 0.003140538 0.01265688 0.007380045 0.006070634 0.011718903 0.015279488 0.003705406 0.012803087 0.009773716 0.009940713 0.01013442 0.016073323 0.010733543 0.014219747 0.010633305 0.015279488 0.009532768 0.003951439 0.006984905 0.004496539 0.004118019 0.00892067 0.014470273 0.003752389 0.011751911 0.009949915 0.012967174 0.014321247 0.0078292 0.007623299 0.013540388 0.00490494 0.014058653 0.005439138 0.015016631
"8" 8 20 "5/18/09" 0.009937 0.00667295 0.008866814 0.008648053 0.009631759 0.006409533 0.003679747 0.011253001 0.008886792 0.012828013 0.010092383 0.009812915 0.008493402 0.006281561 0.008853524 0.004101997 0.011652325 0.007382367 0.006852923 0.010726055 0.014151735 0.005999087 0.011204317 0.009065072 0.008898015 0.009484816 0.01286016 0.009411463 0.013137483 0.009568241 0.014151735 0.008470183 0.00364193 0.008925864 0.004670923 0.004999016 0.009518264 0.011307958 0.006084016 0.01334824 0.010298827 0.011239769 0.01268546 0.008402482 0.006457679 0.009114907 0.006535945 0.011547554 0.00772345 0.011192277
"9" 9 21 "5/25/09" 0.01408663 0.006709659 0.011975727 0.008992864 0.013457323 0.007548218 0.003424288 0.014215269 0.011773106 0.014966651 0.013589233 0.013712154 0.009743126 0.005023227 0.01286656 0.004472889 0.015092264 0.007527979 0.008610977 0.014481243 0.015792482 0.003640064 0.014105661 0.012543454 0.012765739 0.013374392 0.01519609 0.014010202 0.015434887 0.0137538 0.015792482 0.01219921 0.003822754 0.008829599 0.004321944 0.00582739 0.010077876 0.014573009 0.005076557 0.011249433 0.012630666 0.014311897 0.015189744 0.007475282 0.006757119 0.011613119 0.006678384 0.014625822 0.008123083 0.013132434
"10" 10 22 "6/1/09" 0.013917283 0.006701148 0.011411049 0.009266494 0.013383557 0.007582912 0.003285564 0.014319645 0.011438678 0.014949803 0.012221376 0.013695571 0.010305241 0.003732293 0.012077666 0.004151303 0.015440271 0.007921554 0.00991716 0.014471466 0.015683404 0.003431322 0.014306276 0.011889646 0.012003669 0.011670907 0.015019822 0.013136695 0.015377595 0.013299225 0.015683404 0.011294792 0.004093565 0.008184752 0.005169073 0.008397028 0.010965632 0.014551659 0.004107265 0.012671515 0.011839766 0.014293073 0.015048263 0.008100802 0.006896869 0.011089703 0.00739135 0.014611973 0.007078541 0.0132853
"11" 11 23 "6/8/09" 0.015363465 0.006370223 0.014124019 0.009239613 0.015075883 0.007941721 0.003204148 0.015370293 0.014158479 0.017311249 0.015441389 0.015185044 0.013750836 0.004394936 0.0149729 0.004795387 0.016380476 0.007640176 0.009726419 0.015941232 0.017101704 0.004786467 0.015225813 0.0146756 0.014923212 0.015414424 0.017478474 0.015496977 0.017041184 0.015247774 0.017101704 0.014299005 0.005235805 0.010026369 0.004767938 0.007482667 0.012207165 0.016854273 0.003765504 0.011242978 0.014974757 0.015416916 0.016404156 0.006970285 0.005472166 0.013062494 0.008158768 0.016228689 0.007855533 0.015739308
"12" 12 24 "6/15/09" 0.015058985 0.006848561 0.014858023 0.009917122 0.014876156 0.008307534 0.003522226 0.014793399 0.014856667 0.019140977 0.017890167 0.015031991 0.013581991 0.005737043 0.01355232 0.004976389 0.016200116 0.007637788 0.00921633 0.015112213 0.018104654 0.005715848 0.015071085 0.013438863 0.013531589 0.017118583 0.01897647 0.014406463 0.017420139 0.014652248 0.018104654 0.012916531 0.005012918 0.01297892 0.003929875 0.008190845 0.016225472 0.017469687 0.004775433 0.011307637 0.017449554 0.014509314 0.015962381 0.007583438 0.005719183 0.013954796 0.007819849 0.01689514 0.010110981 0.015689906
"13" 13 25 "6/22/09" 0.014289635 0.008875932 0.013371934 0.009531928 0.014364961 0.007575269 0.00325087 0.01263215 0.013378861 0.019819698 0.018213892 0.01445061 0.012015576 0.008430537 0.013024207 0.004199626 0.015494852 0.006671504 0.008216003 0.012411349 0.017824858 0.005558621 0.014065376 0.013456371 0.013169825 0.017171009 0.020650016 0.013320577 0.017255016 0.013940558 0.017824858 0.012761397 0.003752398 0.015633394 0.004401396 0.00548657 0.016100341 0.017536189 0.007687696 0.012840953 0.019293704 0.012288201 0.015333183 0.007522455 0.006839406 0.012458134 0.007475195 0.016672162 0.009306225 0.016078166
"14" 14 26 "6/29/09" 0.012775424 0.008587227 0.013300497 0.010375817 0.012923775 0.008414143 0.003682242 0.009542645 0.013333017 0.019262352 0.012854211 0.013022238 0.012019705 0.010232126 0.011565528 0.007028937 0.014545775 0.006364111 0.008933298 0.009359981 0.017433822 0.009836303 0.010396198 0.012200358 0.011732445 0.012311529 0.019751111 0.011562204 0.015971721 0.012419777 0.017433822 0.011288726 0.006521043 0.01095915 0.004471207 0.006205472 0.011697189 0.013383714 0.008068279 0.010948214 0.013403135 0.009345251 0.013407643 0.007215753 0.006637294 0.012520935 0.008235621 0.012802601 0.009794121 0.014827458
"15" 15 27 "7/6/09" 0.013143653 0.007576573 0.01410957 0.010022874 0.013382264 0.007576017 0.003410809 0.013281946 0.01418485 0.018460381 0.014124409 0.013365648 0.012392288 0.007615309 0.011764465 0.00374211 0.014565398 0.005468099 0.009364194 0.011735832 0.01669851 0.006453364 0.014462167 0.011996696 0.011856006 0.013542096 0.01857252 0.012193033 0.016242423 0.012974382 0.01669851 0.011302641 0.003771762 0.011238539 0.003652196 0.005034103 0.014496231 0.01617537 0.005250355 0.012523978 0.015347442 0.01292049 0.015171917 0.007029739 0.005433882 0.012400591 0.005915713 0.016302896 0.010193305 0.015949459
"16" 16 28 "7/13/09" 0.014137657 0.007798135 0.0127738 0.010866287 0.014158797 0.008653109 0.002543658 0.012266865 0.012830577 0.018362802 0.013820325 0.014343012 0.011506573 0.00661183 0.011647463 0.004905009 0.016151923 0.004395045 0.01058043 0.012045172 0.01755722 0.00807508 0.013340716 0.012056612 0.011809197 0.013039086 0.018328323 0.01233705 0.016868169 0.01359272 0.01755722 0.01109874 0.00601465 0.010276734 0.004561991 0.004392279 0.012791488 0.015798445 0.004267172 0.010717078 0.014251451 0.012186424 0.01554815 0.007166015 0.006091616 0.01164053 0.00561012 0.01570982 0.008610314 0.014780806
"17" 17 29 "7/20/09" 0.015591982 0.00794839 0.011722681 0.011695364 0.015966972 0.009662775 0.002523382 0.011963629 0.01189715 0.01558416 0.013593145 0.015913222 0.010791992 0.008448837 0.013679336 0.008980655 0.016802521 0.006217396 0.011188814 0.012803786 0.016589272 0.00996147 0.011900416 0.014113442 0.013913302 0.013787787 0.016512166 0.01401523 0.016122864 0.015430849 0.016589272 0.013382969 0.008209032 0.011855307 0.00450694 0.004926479 0.011107301 0.012602233 0.007175981 0.010362672 0.013564572 0.012262349 0.014405191 0.00690824 0.004901646 0.009641066 0.006091872 0.012317852 0.007258483 0.014178272
"18" 18 30 "7/27/09" 0.016967826 0.008394473 0.014377978 0.011576092 0.017082884 0.009711878 0.002415857 0.014196789 0.014473145 0.019002044 0.015032846 0.017118417 0.013565628 0.008081025 0.014992434 0.006384744 0.017859491 0.008299898 0.013659652 0.015055789 0.017758176 0.007545517 0.01415413 0.015565275 0.015283285 0.014707657 0.019506889 0.015624081 0.017504424 0.01675419 0.017758176 0.014877636 0.006572718 0.011158212 0.004485449 0.006178583 0.010759217 0.016950586 0.006687906 0.010764119 0.013543601 0.014581849 0.01601595 0.007417271 0.006760456 0.012967035 0.007049159 0.016481628 0.006397904 0.016217632
"19" 19 31 "8/3/09" 0.015870968 0.005305147 0.013112666 0.010802646 0.015916448 0.008086088 0.002971243 0.013070547 0.013199819 0.018446636 0.015878333 0.016036775 0.011554618 0.007700816 0.013359587 0.004604029 0.016676694 0.007508154 0.009427773 0.013542957 0.017406609 0.005816759 0.013081892 0.013852712 0.013503537 0.015163034 0.01845358 0.014110663 0.017257254 0.015423688 0.017406609 0.012584382 0.004499354 0.012749454 0.004361752 0.006136132 0.012510799 0.015460211 0.005185172 0.011532488 0.016071505 0.013446057 0.015644024 0.0071474 0.004947409 0.011417317 0.00644551 0.015178259 0.010055359 0.01472706
"20" 20 32 "8/10/09" 0.016158169 0.00561843 0.014211726 0.010711879 0.016437153 0.008520556 0.003292235 0.014194401 0.014288885 0.017676927 0.016438267 0.016394373 0.013252115 0.007895412 0.014869123 0.004495672 0.016812996 0.007384883 0.009393681 0.014106515 0.01764478 0.007730958 0.014358601 0.014988826 0.014980846 0.015973238 0.018238079 0.014954648 0.017036074 0.016051671 0.01764478 0.014443184 0.005052184 0.01360174 0.004451034 0.005389768 0.012246345 0.016131835 0.005071085 0.009751423 0.014417354 0.014349905 0.015883866 0.007715907 0.005780678 0.012904264 0.006019913 0.015786928 0.007232552 0.015668251
"21" 21 33 "8/17/09" 0.017364194 0.006204861 0.014558965 0.010630094 0.017649435 0.008779379 0.00347657 0.014633608 0.014675891 0.016683592 0.014718412 0.017607285 0.013776084 0.006754381 0.015609006 0.00536853 0.01767663 0.0074216 0.01011509 0.015314954 0.017494251 0.007597124 0.01421895 0.015993554 0.015748899 0.014934529 0.016400445 0.016041615 0.017552387 0.017216726 0.017494251 0.015234913 0.006792394 0.012022803 0.00349767 0.00491625 0.011483436 0.014601412 0.004589988 0.009903084 0.013335068 0.014939587 0.015973364 0.007512158 0.006018565 0.012747379 0.005598904 0.014993565 0.00673734 0.014731575
"22" 22 34 "8/24/09" 0.016952958 0.007482219 0.011571692 0.009769828 0.016911417 0.006566152 0.003127544 0.013873775 0.011718999 0.014949706 0.013354404 0.017072813 0.010971095 0.007810049 0.014528752 0.005569275 0.017139423 0.005801826 0.008732891 0.014613641 0.016525513 0.006680877 0.013112085 0.014805277 0.014549021 0.013195439 0.014980017 0.015205521 0.016389665 0.016484037 0.016525513 0.013641458 0.005230077 0.010721808 0.00400695 0.005470986 0.011759481 0.012909266 0.006264725 0.012353709 0.011889706 0.014126883 0.014667187 0.006624967 0.006348436 0.009914968 0.006940967 0.013078559 0.008080147 0.013242117
"23" 23 35 "8/31/09" 0.013935146 0.00665987 0.012393326 0.011966028 0.013524397 0.009661455 0.002386081 0.010482437 0.012443529 0.016392488 0.011628759 0.013994046 0.01114859 0.007366731 0.009695811 0.006327317 0.014194918 0.007041164 0.009254879 0.010642597 0.016277576 0.009608534 0.011095201 0.010045954 0.009727677 0.011038564 0.016018581 0.010729061 0.014879665 0.012699787 0.016277576 0.009066107 0.007217766 0.007583088 0.003638661 0.005208827 0.009919497 0.013593309 0.006163539 0.011643648 0.010966074 0.010645708 0.013819155 0.006650722 0.005512357 0.011313971 0.005710912 0.013134015 0.008599131 0.011037907
"24" 24 36 "9/7/09" 0.013965036 0.007639611 0.013588703 0.011282498 0.013708145 0.008628526 0.003669438 0.010741715 0.013647373 0.016314525 0.013433248 0.013968347 0.013173585 0.007902266 0.011684155 0.005865235 0.013149841 0.006427533 0.008438841 0.011008968 0.015552733 0.008295612 0.011140661 0.011832964 0.011722138 0.01248696 0.016477902 0.012232245 0.014514069 0.013310951 0.015552733 0.011224567 0.004992241 0.009880905 0.003742091 0.00425996 0.013002547 0.012981612 0.007195926 0.012278639 0.013664771 0.010860993 0.013378332 0.006961473 0.005305823 0.012867087 0.00537604 0.012413957 0.007403641 0.014459956
"25" 25 37 "9/14/09" 0.013401503 0.008045745 0.011580425 0.010944996 0.013303271 0.008572502 0.002827184 0.012032423 0.011685314 0.017179651 0.014201031 0.013483386 0.012227561 0.007952718 0.010796499 0.005787635 0.014088431 0.008408944 0.008619465 0.011895744 0.016268508 0.006655685 0.012795208 0.010693603 0.010714327 0.012299785 0.01801677 0.011851562 0.015574116 0.012850014 0.016268508 0.010061518 0.005369084 0.008370023 0.003403231 0.006336657 0.00951962 0.014966311 0.007149035 0.011442813 0.012102284 0.012103827 0.014660437 0.007118138 0.005524902 0.010822117 0.007318101 0.01468993 0.007143945 0.014229778
"26" 26 38 "9/21/09" 0.014964175 0.004781599 0.01193809 0.0101472 0.01469729 0.005998136 0.003019873 0.013671468 0.011949424 0.017498622 0.014770535 0.014945472 0.010228595 0.005996189 0.012396759 0.003066762 0.015653639 0.006062965 0.006981223 0.01380679 0.016933532 0.003410159 0.013866371 0.012081144 0.012281618 0.014495778 0.017312339 0.013601489 0.016627728 0.014348066 0.016933532 0.01166004 0.002891584 0.01115349 0.004248766 0.003573154 0.007946411 0.014818371 0.003819895 0.011604401 0.011750041 0.01381816 0.015633941 0.006811969 0.006739985 0.011143276 0.004275577 0.014537329 0.004940219 0.013957663
"27" 27 39 "9/28/09" 0.010202486 0.003574446 0.014502967 0.010108668 0.010050365 0.006759306 0.002993738 0.006757417 0.014354533 0.012367133 0.007482902 0.010307043 0.010198694 0.005718258 0.007584016 0.002764734 0.009836744 0.004186369 0.005863799 0.007403303 0.011145733 0.004326003 0.006786288 0.007951664 0.007684347 0.007470382 0.013239044 0.007997552 0.010633069 0.009509124 0.011145733 0.007285408 0.003050541 0.006335026 0.004395977 0.003228906 0.004861456 0.007622485 0.003639704 0.011745297 0.006607732 0.006945235 0.008891384 0.006947551 0.00522552 0.014092796 0.003667796 0.007690787 0.003629711 0.010959638
"28" 28 40 "10/5/09" 0.010665561 0.004289297 0.015801041 0.00868987 0.010411258 0.006533418 0.002920608 0.012046495 0.015891475 0.01843512 0.009664026 0.010700262 0.013976944 0.00633742 0.007670435 0.002366811 0.012484427 0.004498968 0.005016409 0.010826786 0.017329671 0.0041041 0.012114206 0.007678156 0.007636645 0.008727452 0.017939528 0.00876455 0.015386839 0.009888575 0.017329671 0.007140607 0.002675917 0.005394122 0.004161154 0.004281146 0.005040193 0.014324672 0.004520602 0.011709736 0.007098272 0.012239873 0.015231533 0.006450928 0.004561701 0.01354624 0.004039144 0.014248364 0.003344472 0.015166845
"29" 29 41 "10/12/09" 0.00920452 0.004437467 0.012659214 0.01022408 0.008958045 0.008111017 0.003016043 0.009532841 0.012624466 0.013895316 0.007280478 0.009283516 0.01149486 0.007059172 0.006107246 0.005887749 0.009720625 0.009948753 0.006928567 0.008184524 0.013771145 0.006040569 0.009809735 0.006076233 0.006050167 0.006218517 0.013931369 0.006994407 0.01231699 0.008366474 0.013771145 0.005501578 0.005831526 0.004430921 0.004700531 0.005261507 0.005192519 0.010884292 0.005065736 0.011930741 0.006455745 0.009453145 0.012243105 0.00709111 0.005946196 0.010952772 0.005545228 0.010859023 0.003992761 0.012081124
"30" 30 42 "10/19/09" 0.008787485 0.003991786 0.010162581 0.009002007 0.008710082 0.005857531 0.002884742 0.008380969 0.01014958 0.010211337 0.007094535 0.008873131 0.009734497 0.005096609 0.007064168 0.003921742 0.009680483 0.008325363 0.006293519 0.0079674 0.011649894 0.004085828 0.0082669 0.007490007 0.007168815 0.006926582 0.010189771 0.007303276 0.010767394 0.008329745 0.011649894 0.006817186 0.003507496 0.00704375 0.004160923 0.005372737 0.007283635 0.007500285 0.005067449 0.010715866 0.007619837 0.008621126 0.010025729 0.006599871 0.005206023 0.008760728 0.005325395 0.008099869 0.004779766 0.008670071
"31" 31 43 "10/26/09" 0.010764564 0.003230316 0.008646193 0.006435338 0.01033256 0.003093304 0.003310876 0.010212079 0.008757433 0.012926299 0.008024716 0.010643817 0.00840889 0.00293943 0.008725487 0.002422367 0.012489546 0.005325012 0.006101662 0.010357017 0.015409464 0.001659437 0.010553593 0.008759075 0.008708956 0.007749147 0.012374892 0.009336605 0.013668708 0.010093877 0.015409464 0.008238755 0.00196254 0.006917527 0.004286224 0.003884432 0.005923486 0.01039034 0.003092433 0.011283179 0.007379116 0.010496136 0.01320969 0.007772267 0.00720425 0.006551072 0.003654955 0.011059452 0.0036371 0.009852351
"32" 32 44 "11/2/09" 0.006503895 0.003268228 0.008475019 0.008289668 0.006524034 0.005427535 0.00275041 0.006050707 0.008459158 0.008346297 0.005387339 0.006618623 0.008263411 0.003416236 0.004820504 0.002943271 0.007080826 0.007531304 0.00511172 0.005428906 0.009453353 0.003310116 0.006236061 0.005105489 0.004848571 0.00512329 0.008737971 0.005204549 0.008143091 0.006128923 0.009453353 0.004533674 0.003462954 0.004769147 0.003944804 0.003996029 0.005928177 0.00598901 0.003375236 0.011906853 0.006483967 0.006081452 0.007137382 0.007560156 0.005921531 0.007709278 0.004093499 0.006426886 0.003429042 0.007824732
"33" 33 45 "11/9/09" 0.009518005 0.003991383 0.010311518 0.008350745 0.009268885 0.005999795 0.003014122 0.008981481 0.010364935 0.010272898 0.006675874 0.00950368 0.010327661 0.004831669 0.007675765 0.003674 0.010745386 0.004974549 0.005024443 0.008835142 0.01098068 0.004907684 0.008763888 0.007773093 0.007684078 0.006267815 0.00974705 0.008204629 0.010824818 0.008985938 0.01098068 0.007303091 0.004152659 0.005403886 0.004008996 0.00332936 0.00715345 0.008244193 0.004104579 0.011606903 0.007260312 0.009116318 0.009941801 0.008768913 0.006793266 0.00902245 0.003437417 0.008409001 0.003431042 0.008933268
"34" 34 46 "11/16/09" 0.008726023 0.002226715 0.007445319 0.007003653 0.008499792 0.003988597 0.003215503 0.008749672 0.007544045 0.008741588 0.006344543 0.008677988 0.007304375 0.002266031 0.006854885 0.001616821 0.010023511 0.004622669 0.005636509 0.008200781 0.010890217 0.00153547 0.008546073 0.006768859 0.006760175 0.006469076 0.008411252 0.007821456 0.010955777 0.008315311 0.010890217 0.006299308 0.00155954 0.005413785 0.004867552 0.002803842 0.00463798 0.006512789 0.002154249 0.014173566 0.006287952 0.008768817 0.010021689 0.008672876 0.007328425 0.005067297 0.002966607 0.00712496 0.002421771 0.007143992
"35" 35 47 "11/23/09" 0.00703872 0.002048491 0.007165224 0.005763079 0.007027338 0.003295268 0.003289321 0.005780076 0.007177071 0.007727097 0.005535993 0.007117253 0.006404496 0.003012882 0.005886035 0.002212108 0.007488743 0.004748075 0.006044337 0.006043074 0.008269328 0.002302181 0.005720294 0.006089556 0.005910129 0.005387636 0.007715808 0.006029157 0.007843731 0.006764343 0.008269328 0.005654045 0.002264451 0.004865256 0.004527591 0.003372628 0.004333228 0.005968888 0.001832323 0.014022134 0.005429447 0.005923867 0.007067741 0.009290179 0.008801066 0.005585948 0.003262258 0.005844815 0.002711859 0.006621511
"36" 36 48 "11/30/09" 0.006795275 0.00202963 0.005174861 0.006821009 0.006595096 0.004447846 0.003738983 0.006633924 0.005160251 0.00817593 0.003878121 0.006767047 0.004338931 0.004037382 0.005398709 0.001971314 0.008382208 0.004121971 0.003672762 0.006606323 0.009308987 0.002999531 0.006517443 0.005432808 0.00535766 0.003741905 0.007719127 0.006072813 0.008974811 0.006414416 0.009308987 0.004970365 0.002098755 0.003175226 0.004385649 0.00261114 0.002463126 0.006006159 0.002689011 0.015722494 0.002880463 0.006779801 0.008183422 0.008211697 0.006525151 0.00466175 0.002335608 0.006439215 0.002033405 0.005537594
"37" 37 49 "12/7/09" 0.005281172 0.001800208 0.007066348 0.007450975 0.005073468 0.006199235 0.003572863 0.004996071 0.007001239 0.008219502 0.003384394 0.005269767 0.005856498 0.004010857 0.003435908 0.003624408 0.007278293 0.004431553 0.001873797 0.005112044 0.010920028 0.004099644 0.005117998 0.003604364 0.003437769 0.003036947 0.008976681 0.004062404 0.009229599 0.00480048 0.010920028 0.003082603 0.0039103 0.002652985 0.005134416 0.002039199 0.002166361 0.005628699 0.002919606 0.014400718 0.003103536 0.005292529 0.00837003 0.007815671 0.006794595 0.006711038 0.002428254 0.005786753 0.001242184 0.006757137
"38" 38 50 "12/14/09" 0.005068522 0.002130108 0.006830244 0.006352736 0.004892178 0.003860491 0.003720571 0.005612342 0.006739604 0.008976219 0.004113463 0.005088529 0.005313028 0.003988175 0.003457874 0.003402756 0.006652806 0.006744229 0.005079233 0.00514933 0.010755607 0.003853709 0.005919934 0.00350149 0.003422921 0.003773366 0.008700066 0.004070036 0.008730729 0.004584446 0.010755607 0.003183164 0.003503276 0.002827124 0.004574258 0.004221809 0.002405546 0.006569518 0.00285788 0.013641013 0.003055059 0.005690479 0.008392545 0.007966309 0.006532688 0.005874491 0.003643039 0.006723964 0.002408037 0.006251256
"39" 39 51 "12/21/09" 0.004725114 0.002272583 0.006244641 0.00632782 0.004699826 0.004188275 0.003916092 0.004917844 0.006357779 0.007284329 0.004490794 0.004812633 0.00571318 0.003136346 0.003102466 0.002866766 0.005879417 0.004729306 0.003438815 0.004690413 0.007470671 0.002959844 0.00490664 0.003287936 0.003108677 0.004165527 0.007764521 0.0035193 0.007195666 0.004369762 0.007470671 0.002980779 0.002749816 0.003175388 0.004718384 0.003143303 0.002685284 0.005240869 0.002396886 0.015390584 0.004482282 0.005064506 0.006410929 0.008766438 0.006425521 0.005001531 0.002974482 0.005362456 0.002145543 0.006092091
"40" 40 52 "12/28/09" 0.003421255 0.002423173 0.0048685 0.006256883 0.003356375 0.004172644 0.003621199 0.003353764 0.004826499 0.005849102 0.002612977 0.003489597 0.004171933 0.003036998 0.00250014 0.002729145 0.004539145 0.006314988 0.004341791 0.003076586 0.00635137 0.002626294 0.00347063 0.002540392 0.002466006 0.002518672 0.005812557 0.002718619 0.005802377 0.003067754 0.00635137 0.002308989 0.002957736 0.001964696 0.004970991 0.003444608 0.002126097 0.00401918 0.00276688 0.015284031 0.002454837 0.003454917 0.005037835 0.008822004 0.007623806 0.004561114 0.00326749 0.003980123 0.002118399 0.004550425
"41" 41 1 "1/4/10" 0.002580083 0.001988274 0.003542998 0.00655428 0.002639876 0.003331711 0.00417101 0.002084748 0.003492945 0.003074832 0.001711372 0.0026637 0.00284706 0.00293837 0.002273529 0.003041909 0.002642468 0.00593111 0.004990455 0.001997002 0.002784964 0.002577563 0.002042465 0.002428002 0.002342619 0.00195429 0.003444935 0.002179356 0.003105107 0.002456584 0.002784964 0.002317091 0.003069225 0.001780958 0.00528991 0.003547005 0.001425895 0.001898437 0.002450872 0.01590684 0.001477625 0.002123953 0.00233138 0.008927936 0.005590567 0.003346479 0.003140086 0.001893003 0.001574674 0.002748937
"42" 42 2 "1/11/10" 0.003755987 0.001896481 0.006751777 0.006657072 0.00373806 0.00433869 0.004429065 0.003884187 0.006673724 0.006176158 0.003392577 0.003794877 0.005712963 0.002878312 0.003181091 0.003375123 0.004569792 0.00677264 0.005270296 0.003418945 0.006700468 0.002642341 0.004192948 0.003272928 0.003195683 0.003402472 0.006236521 0.00324473 0.006142571 0.003586461 0.006700468 0.003088922 0.002967217 0.002565436 0.005193118 0.003887807 0.002838047 0.00423747 0.002999722 0.013961508 0.003704011 0.003943699 0.005641967 0.008445973 0.007514486 0.006676057 0.003315706 0.004497854 0.002772857 0.005066704
"43" 43 3 "1/18/10" 0.00556297 0.002418045 0.008051707 0.008031922 0.00530582 0.006555745 0.004483559 0.006412162 0.008118817 0.009641242 0.006789249 0.005490823 0.007443234 0.003656595 0.004309577 0.004601318 0.007141429 0.006395593 0.004515021 0.00603871 0.009365766 0.00570237 0.006642548 0.004131739 0.004213986 0.005995695 0.009696199 0.004917168 0.008585166 0.005182116 0.009365766 0.003855698 0.005185594 0.003189452 0.004252068 0.004346525 0.004149387 0.008185697 0.003662197 0.015528432 0.006246481 0.006394885 0.00826271 0.008211062 0.00686853 0.006556328 0.003739009 0.007935497 0.003310543 0.008501189
"44" 44 4 "1/25/10" 0.004216112 0.002361539 0.005900632 0.007277423 0.003971781 0.00550122 0.004854703 0.004303288 0.005856732 0.006535054 0.002784838 0.004146347 0.005218162 0.003451599 0.00325642 0.00457638 0.005251447 0.00654219 0.004449802 0.004282192 0.007093969 0.005293997 0.004369572 0.0031988 0.003212556 0.002730556 0.006262642 0.003712889 0.006245094 0.003871492 0.007093969 0.002963108 0.004476496 0.001841145 0.005089447 0.003901032 0.00206524 0.004874613 0.002949068 0.015333979 0.002149153 0.004310842 0.005821009 0.008163336 0.007231181 0.005521832 0.003229146 0.005013732 0.002095368 0.005182901
"45" 45 5 "2/1/10" 0.003660817 0.002477905 0.006997187 0.00791387 0.003600961 0.006328093 0.004668335 0.004398964 0.006905084 0.007092076 0.003530257 0.003710187 0.005727621 0.004646933 0.002795318 0.004650097 0.005177216 0.006618372 0.004693304 0.003881542 0.008608439 0.005472399 0.004684589 0.002866583 0.002807121 0.003156662 0.006863927 0.002935279 0.007338677 0.003349735 0.008608439 0.0026605 0.005150075 0.002703509 0.005120703 0.004128999 0.003261609 0.005862064 0.003779993 0.016443688 0.003152901 0.00448118 0.006982362 0.010106306 0.008490674 0.006940046 0.003537702 0.005733084 0.002650634 0.005362596
"46" 46 6 "2/8/10" 0.00307423 0.002458634 0.005510256 0.006989229 0.003071629 0.005613294 0.004180714 0.003535963 0.005492059 0.004947482 0.002873993 0.003130724 0.004518742 0.003436058 0.002356403 0.00443618 0.003870916 0.00636134 0.004845229 0.003156091 0.005328462 0.004903958 0.003613535 0.002493039 0.002365959 0.002615369 0.005113137 0.002595861 0.00500063 0.00288944 0.005328462 0.002287329 0.004824318 0.002157628 0.005034949 0.003826511 0.002714452 0.003637998 0.003417509 0.016115582 0.00291295 0.003530462 0.004527653 0.010715754 0.010031373 0.00526556 0.003375039 0.003645801 0.002160067 0.004391632
"47" 47 7 "2/15/10" 0.003339572 0.002701301 0.005580108 0.006895589 0.003364077 0.005352408 0.003743193 0.00354359 0.005523051 0.004806545 0.003118605 0.003402832 0.004839645 0.003143964 0.002731177 0.004422243 0.003737987 0.00729481 0.004014127 0.003294314 0.004667135 0.004240261 0.003497956 0.002874 0.002741272 0.003082511 0.005004611 0.002880532 0.004657402 0.003193749 0.004667135 0.002668522 0.004450998 0.002677277 0.004953223 0.004142533 0.002656743 0.003596169 0.00321592 0.01571797 0.003316833 0.003569055 0.004155321 0.010002119 0.009915424 0.005086413 0.003549465 0.00348394 0.002433023 0.004495579
"48" 48 8 "2/22/10" 0.004357028 0.002593134 0.005025847 0.00733857 0.004230152 0.005669903 0.004243162 0.004585944 0.005057651 0.005865075 0.003284005 0.004317445 0.00463656 0.00283983 0.00349413 0.003389047 0.005412971 0.006564498 0.004530613 0.004581861 0.006087844 0.003824657 0.004455249 0.003527039 0.003464554 0.003328385 0.005897029 0.003970901 0.005762869 0.004173172 0.006087844 0.003328823 0.003864015 0.0030039 0.005363403 0.003542803 0.002232594 0.004459156 0.003052138 0.017710927 0.002458122 0.004720332 0.005304077 0.008716392 0.007351937 0.00386483 0.003098686 0.004409188 0.002894028 0.005337155
"49" 49 9 "3/1/10" 0.004017507 0.003250499 0.007144423 0.007446751 0.004011259 0.006085202 0.003930086 0.00362913 0.007072211 0.004992367 0.003290733 0.004057 0.006504519 0.003495285 0.003473434 0.004129591 0.004199225 0.006244128 0.004775196 0.003553199 0.004865246 0.005146844 0.003685126 0.003457402 0.003454642 0.003109503 0.005142989 0.003531521 0.00481063 0.003864604 0.004865246 0.003266083 0.004419607 0.002975988 0.005541277 0.004588604 0.004009851 0.00393278 0.003533815 0.015413251 0.003421636 0.003589796 0.004403741 0.010177757 0.008115698 0.006871255 0.003963454 0.003766164 0.004092458 0.005128244
"50" 50 10 "3/8/10" 0.006883596 0.003383665 0.006626156 0.006883458 0.006462569 0.005506307 0.003931094 0.006997054 0.006718447 0.008926208 0.006789044 0.006682587 0.006253775 0.002749101 0.00584266 0.00340508 0.00780106 0.004935195 0.004213002 0.007068188 0.008385926 0.004376196 0.007045224 0.005567541 0.005721156 0.00673497 0.009121142 0.006568958 0.008238058 0.00654343 0.008385926 0.005423565 0.003593087 0.005836009 0.005258898 0.003296127 0.005696592 0.007782452 0.003396422 0.014843565 0.006364179 0.007030488 0.007785079 0.009364391 0.007687152 0.004525684 0.003794952 0.00733672 0.003996874 0.008153285
"51" 51 11 "3/15/10" 0.005870678 0.002885166 0.007116317 0.006055358 0.005731338 0.004488322 0.003927108 0.006202476 0.007090603 0.00756373 0.005990039 0.005819996 0.006387306 0.002981483 0.00537058 0.003173129 0.006616191 0.00664209 0.004448757 0.00594588 0.007787375 0.003364446 0.006481419 0.005306349 0.005350005 0.005503754 0.007406478 0.005506127 0.007484699 0.005720554 0.007787375 0.005040865 0.003014577 0.004258308 0.005259151 0.003526137 0.004264524 0.006814265 0.003242712 0.014088287 0.005583603 0.006118102 0.007152573 0.009935649 0.008393132 0.005726143 0.003753257 0.006665861 0.003525099 0.006508488
"52" 52 12 "3/22/10" 0.00712084 0.002953914 0.007030495 0.006790823 0.006725133 0.004797082 0.004019111 0.006993867 0.007044546 0.008414258 0.006363571 0.006936531 0.006474394 0.00232788 0.006207378 0.002334369 0.007935428 0.006130226 0.005026288 0.006889416 0.008975753 0.003007077 0.007135201 0.006027754 0.006156092 0.006088307 0.008409053 0.006547692 0.008374601 0.006775704 0.008975753 0.005852057 0.002499726 0.003318227 0.005125454 0.003149343 0.004689292 0.007458342 0.002644015 0.015990637 0.005645362 0.006999002 0.008048508 0.009671062 0.007659769 0.004723408 0.003444002 0.007356741 0.003427288 0.007378698
"53" 53 13 "3/29/10" 0.008104012 0.002242698 0.008862936 0.007091664 0.007787908 0.00567475 0.003883467 0.008363309 0.00892322 0.009046304 0.007031124 0.007950196 0.008419571 0.001962365 0.007366759 0.00258824 0.009046324 0.006052459 0.004442611 0.008039321 0.009306849 0.002716094 0.008410797 0.007019886 0.007262182 0.006779611 0.009330494 0.007759371 0.009495237 0.007835402 0.009306849 0.007003571 0.002804883 0.006601189 0.004683032 0.003352228 0.006226887 0.00806329 0.002188687 0.015558952 0.007705174 0.008274886 0.00889384 0.008811501 0.007271066 0.006799366 0.003673813 0.008159005 0.003453505 0.009160036
"54" 54 14 "4/5/10" 0.009730113 0.002561924 0.009743078 0.006886534 0.009258645 0.005443243 0.00386629 0.0093952 0.009736102 0.009816778 0.008033494 0.009465202 0.009159073 0.002275868 0.008579516 0.002820149 0.010687124 0.006080126 0.004397448 0.009548528 0.010905033 0.00268286 0.009336015 0.008298814 0.008462202 0.007754508 0.009859512 0.009213724 0.010813543 0.009417661 0.010905033 0.007887981 0.002928729 0.00619716 0.004782487 0.003072182 0.006352511 0.008980714 0.002043561 0.014003029 0.008073608 0.009561842 0.010477708 0.009555111 0.008693538 0.008248814 0.003873732 0.009209633 0.003774597 0.008916435
"55" 55 15 "4/12/10" 0.007810404 0.00487699 0.011806573 0.007996575 0.007579454 0.006436332 0.003632556 0.008332312 0.011756413 0.010386662 0.007638672 0.007739646 0.011260418 0.00580389 0.006481098 0.003080843 0.009092075 0.006631472 0.005550681 0.008041432 0.010961802 0.00362791 0.008348679 0.006289661 0.00636739 0.007308519 0.011092666 0.007147507 0.010110743 0.007444484 0.010961802 0.005931819 0.003784777 0.005754925 0.004688011 0.004137667 0.007773287 0.008953607 0.004801771 0.015996078 0.007477854 0.008363284 0.009539568 0.009258314 0.00611565 0.011165928 0.004308395 0.008808955 0.004764209 0.010201452
"56" 56 16 "4/19/10" 0.007992467 0.005460086 0.010324256 0.007882456 0.007766651 0.006588144 0.003413836 0.008614365 0.010339721 0.011789402 0.00840049 0.007913021 0.009751828 0.00491844 0.006860141 0.003739953 0.009512733 0.006929865 0.005697117 0.008428897 0.011487922 0.004240047 0.008751379 0.006692187 0.00676563 0.007747306 0.011775438 0.007464572 0.010840822 0.007704439 0.011487922 0.006301842 0.004139581 0.006015471 0.004570965 0.004911272 0.007530779 0.009998767 0.00494431 0.014285073 0.008233039 0.00867889 0.010393681 0.009246526 0.008609586 0.009076847 0.005157766 0.009888053 0.006141746 0.010328928
"57" 57 17 "4/26/10" 0.009647321 0.003304828 0.009781382 0.007928378 0.009203343 0.006404123 0.003699483 0.01016012 0.009889531 0.011734966 0.009511009 0.0093933 0.008957714 0.002913009 0.008772461 0.00311724 0.010485929 0.00621034 0.005253138 0.009652079 0.012281684 0.003020345 0.010157662 0.008504208 0.008657417 0.00917664 0.011981851 0.009186625 0.01141865 0.009409796 0.012281684 0.00818737 0.003245304 0.007227572 0.004807817 0.003793497 0.006819723 0.010534484 0.003191681 0.015311935 0.008912044 0.010254594 0.011274059 0.008084694 0.007003462 0.007444577 0.004229983 0.010300009 0.003839989 0.011460468
"58" 58 18 "5/3/10" 0.011754119 0.003644916 0.009933717 0.008185369 0.011052997 0.006267725 0.003483649 0.013733509 0.009943581 0.014174367 0.009961505 0.011389702 0.008803624 0.003120962 0.010128712 0.002449453 0.013710545 0.006314686 0.004810961 0.013229683 0.016091186 0.002775764 0.013573225 0.009819372 0.009988332 0.009269269 0.013905683 0.011199216 0.014455465 0.011233824 0.016091186 0.009305065 0.002843234 0.006394978 0.004628447 0.003099897 0.005818709 0.012773375 0.003666756 0.014028238 0.008446107 0.013766558 0.014503555 0.008346396 0.007475774 0.008207013 0.003559245 0.013129271 0.003779438 0.009897103
"59" 59 19 "5/10/10" 0.010445693 0.004885194 0.014468666 0.008057688 0.009965701 0.006511585 0.003434312 0.012692694 0.014403728 0.014830391 0.012989265 0.010188482 0.013768105 0.002588934 0.009094168 0.003343896 0.012292569 0.007233584 0.006374446 0.012217338 0.013814823 0.00286979 0.013057422 0.008662154 0.008906629 0.011801693 0.015455357 0.010188292 0.013305481 0.010060623 0.013814823 0.008309691 0.003323269 0.006880167 0.004598882 0.004336368 0.008261873 0.014470409 0.00357777 0.011778306 0.01100846 0.012448117 0.013142669 0.007615105 0.005155533 0.0134803 0.005395333 0.014734357 0.005807139 0.014125485
"60" 60 20 "5/17/10" 0.011105763 0.005451045 0.016204419 0.008448223 0.010867034 0.007190202 0.003655135 0.014145859 0.01624715 0.016228349 0.012404843 0.011013497 0.015429392 0.002754133 0.010038438 0.003531013 0.013798853 0.006665155 0.006044165 0.013222655 0.016054484 0.003678119 0.014123509 0.009720217 0.009931624 0.011621122 0.017311295 0.010826202 0.015326955 0.010806124 0.016054484 0.009510443 0.003954136 0.009344514 0.004276587 0.004908045 0.010737722 0.014773375 0.003520035 0.01338464 0.011568364 0.014097616 0.015082632 0.007036929 0.005498289 0.014339597 0.005640598 0.014741403 0.008297774 0.016058501
"61" 61 21 "5/24/10" 0.013145319 0.005710894 0.014222702 0.007905624 0.013011812 0.006315434 0.003778224 0.013921901 0.014219662 0.016192768 0.015246159 0.012998597 0.013183246 0.004538248 0.01411277 0.003262951 0.014288622 0.006864149 0.006833881 0.013820318 0.015048622 0.002972268 0.013904688 0.013627371 0.014031167 0.014293693 0.016993491 0.013734048 0.015197145 0.013235168 0.015048622 0.013832143 0.003454206 0.013373546 0.004382863 0.004919254 0.013032184 0.015069924 0.003952283 0.013140282 0.014627329 0.013857596 0.014598981 0.008678374 0.008807249 0.013661504 0.00541037 0.014694726 0.009270661 0.014607358
"62" 62 22 "5/31/10" 0.016959682 0.006158908 0.014797461 0.0094176 0.016351233 0.008442359 0.003171697 0.01670095 0.014823163 0.01807456 0.016391015 0.016550704 0.013756323 0.003693487 0.016340051 0.005297293 0.017236802 0.009952375 0.007759416 0.017182436 0.017840817 0.004017779 0.016496779 0.015764847 0.016099337 0.01587265 0.018494578 0.016976501 0.017851087 0.016775987 0.017840817 0.015064779 0.00547152 0.012555874 0.004957198 0.007990704 0.012953056 0.017113552 0.003624266 0.015247848 0.015866923 0.016947213 0.017344547 0.007627671 0.006605459 0.012140956 0.008127242 0.017073539 0.00798586 0.016766216
"63" 63 23 "6/7/10" 0.014341138 0.00822375 0.017537674 0.009473606 0.014013203 0.008515632 0.002746231 0.014587109 0.01762773 0.017924064 0.016612177 0.014222231 0.016599803 0.004081867 0.012658427 0.005492257 0.01621632 0.007837913 0.008095831 0.014917981 0.016997506 0.00538199 0.014824655 0.012319155 0.012498175 0.015597751 0.020102973 0.013730775 0.017227234 0.013895794 0.016997506 0.011853385 0.005530693 0.012417287 0.004378424 0.005982328 0.01581164 0.016366935 0.004366538 0.011222954 0.016394996 0.014572293 0.016021498 0.006982254 0.005959891 0.015772633 0.008047085 0.016391019 0.008993635 0.017711272
"64" 64 24 "6/14/10" 0.016261251 0.005144923 0.015867692 0.008839696 0.016102452 0.006857016 0.003291051 0.016870406 0.015951489 0.019811192 0.018831447 0.016133857 0.014618524 0.003430313 0.015591238 0.002988633 0.018378728 0.00703193 0.007402191 0.017578278 0.018998283 0.003711807 0.017033638 0.014923648 0.01539079 0.017745757 0.020077667 0.016415163 0.019226872 0.016206397 0.018998283 0.014641102 0.002716427 0.014430487 0.004988439 0.005298237 0.016092988 0.018601896 0.00305019 0.013694682 0.017405346 0.016758632 0.018132346 0.007054421 0.006252115 0.014446465 0.005864825 0.017949123 0.008559103 0.016565399
"65" 65 25 "6/21/10" 0.017764821 0.006120118 0.015113461 0.008955573 0.017417962 0.007062137 0.003518726 0.017235856 0.015185586 0.018706374 0.0187567 0.017685695 0.013828462 0.006270106 0.015650174 0.002594089 0.019565809 0.008083446 0.009290725 0.018746035 0.018755171 0.003236465 0.017475956 0.014913869 0.015436806 0.017785417 0.019704016 0.016460762 0.01908261 0.017186563 0.018755171 0.014831941 0.002806191 0.015907804 0.004495525 0.006110134 0.015714498 0.017622606 0.005496791 0.010924737 0.017804566 0.017030817 0.018001596 0.007137818 0.005798328 0.013463802 0.006069548 0.017502466 0.011250845 0.018196551
"66" 66 26 "6/28/10" 0.013192677 0.007056471 0.016915339 0.00976033 0.013391497 0.008159314 0.002891502 0.014966809 0.016917836 0.018036458 0.014266934 0.013374423 0.016722318 0.00990703 0.011558275 0.003568174 0.015616038 0.007292861 0.007916219 0.014443818 0.018316423 0.005196255 0.015794425 0.011142964 0.01137586 0.012977179 0.018890731 0.012290209 0.017344556 0.013008775 0.018316423 0.010725519 0.003960574 0.011013895 0.004418531 0.006126284 0.012332265 0.017121866 0.008211509 0.010808574 0.012987601 0.015117913 0.016781175 0.006996302 0.005667036 0.016088776 0.006044574 0.016603563 0.009626187 0.017797823
