x     zip    npop
 1  28542 105
 2  29207 230.2222222
 3  65473 151.5555556
 4  78236 238
 5  29905 39.22222222
 6  76544 314.7777778
 7  92055 254.6666667
 8  42223 144
 9  28310 275.7777778
 10  95903 46.11111111
 11  23665 110.7777778
 12  80913 231.2222222
 13  60088 191
 14  36112 77.66666667
 15  31905 217.2222222
 16  68113 88.66666667
 17  65305 47.77777778
 18  23708 151.8888889
 19  31314 132.8888889
 20  23801 73.66666667
 21  39534 122.5555556
 22  79920 201.3333333
 23  23511 69.55555556
 24  94535 129
 25  30905 200.2222222
 26  22134 111.1111111
 27  78234 147.2222222
 28  92134 141.6666667
 29  99506 93.77777778
 30  9464 53.44444444
 31  31409 58.77777778
 32  89191 116.1111111
 33  40121 137
 34  98431 192.4444444
 35  20889 159.8888889
 36  59402 45.66666667
 37  9094 48.11111111
 38  32542 99.11111111
 39  92278 64.33333333
 40  99505 35.66666667
 41  20762 138.2222222
 42  22060 135.5555556
 43  23604 115
 44  32544 48.55555556
 45  66442 149.1111111
 46  28547 102.7777778
 47  96859 148.7777778
 48  33621 111
 49  76311 83.33333333
 50  32212 66.66666667
 51  13602 88.11111111
 52  84056 76.33333333
 53  96319 44.66666667
 54  96278 42.77777778
 55  32214 123.7777778
 56  96264 19.22222222
 57  96860 72.11111111
 58  92145 66.88888889
 59  73503 135
 60  45433 98.44444444
 61  71110 63.22222222
 62  79607 41.33333333
 63  6349 63
 64  62225 96.88888889
 65  71459 78.55555556
 66  9054 33.44444444
 67  92136 45.33333333
 68  85309 76.66666667
 69  98278 54.44444444
 70  96205 102.2222222
 71  80840 79.44444444
 72  20755 108.1111111
 73  9096 49
 74  9824 30.77777778
 75  72099 74.66666667
 76  96350 68.88888889
 77  21702 48.11111111
 78  80914 76.66666667
 79  99011 60
 80  32228 65.77777778
 81  31547 43.77777778
 82  82005 52.88888889
 83  32570 39.33333333
 84  73145 94.44444444
 85  93246 82.44444444
 86  9180 132.7777778
 87  29152 43.44444444
 88  98433 73
 89  20310 86.88888889
 90  99703 113.1111111
 91  87117 72.55555556
 92  9636 36.22222222
 93  83648 50
 94  29902 109.7777778
 95  27531 45.77777778
 96  9604 38.55555556
 97  21010 33.22222222
 98  32509 35
 99  85707 65.11111111
 100  78150 45.66666667
 101  78843 35.555555
 102  57706 44.77777778

